0.0 167.9325 13.224075000000013

667
0 0 0
-12.1965 227.56740000000002 145.521
-8.77425 227.95395000000002 147.14415000000002
-14.27715 234.46095 145.04865
-15.72915 230.30955 144.88139999999999
-17.6994 228.83445 136.3095
-16.92285 228.2565 140.44635
-14.69625 223.50869999999998 142.55790000000002
-15.160800000000002 226.3872 143.95260000000002
-4.5399 220.35150000000002 160.20569999999998
0.0 220.7817 160.302
0.0 229.29105 151.87725
-6.63345 210.1812 168.8124
0.0 210.29340000000002 170.39655
0.0 206.42669999999998 174.03675
-7.611749999999999 206.412 171.54315
-8.507249999999999 199.05315000000002 170.61945
0.0 198.75705000000002 172.3596
-5.0754 194.90474999999998 164.4963
0.0 194.1798 164.9043
0.0 196.66365000000002 159.1305
-6.20025 198.51375000000002 158.5206
-7.2932999999999995 201.23535 145.8942
0.0 198.4278 146.4093
-10.27875 206.11905000000002 124.70339999999999
0.0 199.0971 131.50469999999999
0.0 241.1121 140.80365
-7.7424 245.8383 137.84985
0.0 248.08440000000002 131.74530000000001
-6.964499999999999 249.43515 128.98005
-16.0281 215.68349999999998 132.01095
-11.349599999999999 213.74880000000002 146.9835
-15.403649999999999 244.1973 132.66375
-14.61015 238.51995 122.88255000000001
-10.49325 207.63975 160.47735
-16.7529 232.4793 119.70779999999999
-15.99465 234.48045000000002 112.992
0.0 245.53680000000003 110.73885000000001
-7.081049999999999 247.68555000000003 120.05624999999999
-13.1739 239.2923 121.36364999999999
-13.6122 245.9658 126.28875
-11.741249999999999 257.41305 129.6369
-12.3267 257.04915 134.9829
-17.40045 253.69754999999998 133.87664999999998
-16.99935 254.14755000000002 127.49475
-24.541800000000002 271.10865 142.67745000000002
-24.5454 271.10865 142.97684999999998
-24.233249999999998 271.10865 142.9977
-24.1647 271.10865 142.6806
-20.9676 258.594 126.17054999999999
-20.4663 262.34175 127.92
-23.236649999999997 257.35575 132.11175
-22.7628 263.72145 133.6668
-26.70075 266.24834999999996 121.22055
-27.15375 265.05165 129.61034999999998
-26.61795 260.12624999999997 129.6504
-18.2073 277.58535 118.20824999999999
-18.10035 277.43685 117.8895
-18.28905 277.63545 117.83430000000001
-18.4248 277.68705 118.13265
-24.5586 260.70285 123.9582
-32.40315 267.84749999999997 117.1119
-35.384100000000004 268.84395 123.5187
-35.775000000000006 285.39254999999997 138.66434999999998
-35.6919 284.93085 138.7338
-35.18415 284.64779999999996 138.4116
-35.2722 285.0942 138.33749999999998
-31.698 263.42655 117.62625
-34.878600000000006 263.53725 123.92670000000001
-42.1035 274.2591 117.7149
-38.3052 272.73855000000003 113.36339999999998
-42.23205 279.50295 108.7203
-45.6498 281.29305 113.43900000000001
-51.2847 298.92675 121.13655
-50.682900000000004 298.92675 121.13655
-50.682900000000004 298.92675 120.84299999999999
-51.2847 298.92675 120.84299999999999
-39.17715 266.8896 113.09309999999999
-43.942049999999995 274.78229999999996 106.66725000000001
-42.81435 268.55295 116.97435
-47.086650000000006 275.7348 109.05885
-43.0002 281.84205 106.76235
-47.15325 284.82989999999995 108.08370000000001
-48.582899999999995 281.08155 105.2706
-44.94885 278.27985 104.63355000000001
-47.59125 291.57945 101.4285
-43.8528 289.12155 96.23445000000001
-44.8812 297.67455 84.92925
-47.9859 299.9532 86.54955
-48.749700000000004 285.3129 98.12310000000001
-48.6234 295.87739999999997 83.313
-45.459450000000004 285.8799 95.72279999999999
-46.27935 294.89639999999997 82.69275
-45.7863 314.0439 80.56155000000001
-47.118750000000006 314.10255 81.10485
-47.39985 314.0406 78.8109
-46.3662 313.97204999999997 78.30375000000001
-46.4862 321.16365 80.799
-46.807950000000005 321.16665 80.93415
-46.854 321.22215 80.41785
-46.6413 321.25335 80.34944999999999
-21.3192 263.0631 137.8566
-22.6962 261.606 139.8813
-19.8639 261.89805 135.07455
-25.8747 262.404 139.01055
-23.79765 268.5084 141.57435
-23.94975 268.26405 142.44645
-24.692100000000003 265.1184 137.44635
-24.8814 268.69245 141.0651
-25.10235 268.2741 142.1739
-20.43465 266.46795 119.80019999999999
-21.21645 268.43760000000003 120.56565
-22.52595 267.44669999999996 117.83924999999999
-23.74515 270.2739 119.1474
-19.8627 272.35545 115.98644999999999
-20.04405 272.9682 117.73845
-21.10935 272.67975 115.72800000000001
-21.526500000000002 273.5262 117.2709
-34.49985 273.93405 131.667
-35.1972 272.12715000000003 132.0276
-39.4233 274.9017 130.35675
-38.7483 272.31885 131.0946
-37.30155 280.20345 133.71465
-36.85665 279.2097 134.66955000000002
-40.128600000000006 280.42065 133.2903
-39.66825 279.3483 134.25150000000002
-50.38035 281.7756 118.18665
-53.4165 277.9575 116.99295000000001
-48.8694 283.5489 115.72095
-52.0242 282.19425 114.76859999999999
-51.5766 292.8963 120.23145000000001
-54.09165 292.8963 120.23145000000001
-51.5766 292.8963 119.0043
-54.09165 292.8963 119.0043
-38.2434 314.88210000000004 98.82240000000002
-38.8116 314.89455 99.03855
-38.65935 314.89125 99.47099999999999
-38.0805 314.87865 99.2055
-66.53370000000001 335.63955 87.28694999999999
-66.2736 335.7786 86.6937
-66.86099999999999 335.865 86.35155
-67.1811 335.7186 86.97735
-59.2569 293.51370000000003 100.7454
-57.68235 296.90085 102.64815000000002
-61.76565000000001 293.0967 104.32605000000001
-59.89275 296.71125 106.03875
-66.45945 302.5536 97.00425
-64.62899999999999 305.5992 98.82795
-68.9151 302.3523 100.5795
-66.8697 305.52105 102.27495
-68.7264 318.43185 88.5651
-66.86955 318.81345 90.57045
-70.7454 319.17075 90.23939999999999
-68.6148 319.51245 92.21925
-44.2221 296.3052 99.54135
-39.9798 294.19395 97.32315
-41.9103 294.882 103.9734
-38.22795 293.49615 101.2524
-39.7284 306.55695 98.22165
-37.4379 306.0 97.18425
-39.114599999999996 306.40770000000003 100.29645
-36.7809 305.84024999999997 99.02265
-35.8056 247.59974999999997 100.41285
-24.68595 246.11745000000002 112.50555
-22.17645 245.8419 110.3784
-23.02335 239.94405 103.40279999999998
-13.1373 218.9574 91.86914999999999
0.0 227.45730000000003 85.98555
0.0 214.12694999999997 56.9679
-18.8451 199.01655 66.32535
-19.854599999999998 206.01465 40.3956
0.0 213.92340000000002 37.09425
0.0 216.50010000000003 27.7458
-18.22965 204.77475 19.851
0.0 212.30084999999997 -14.99535
-20.18655 205.86585 -14.99535
0.0 217.32045 -67.44794999999999
-14.796000000000001 207.23444999999998 -64.93035
0.0 216.8073 -96.54495
-18.17955 213.43859999999998 -97.50224999999999
0.0 176.9634 119.44035000000001
-13.2918 189.51525 110.91194999999999
-17.67315 146.88225 79.94025
0.0 140.81295 93.0573
-10.374 123.15570000000001 63.82875
0.0 117.93450000000001 70.3794
0.0 175.09935000000002 -131.41590000000002
0.0 147.69225 -120.30255
-3.4344 146.13285 -127.8159
-4.6281 174.94605 -134.98785
0.0 134.27175 -99.2202
-3.5210999999999997 132.22230000000002 -100.5513
0.0 122.85435000000001 -76.7526
-11.408100000000001 126.9387 -74.40105
0.0 115.06889999999999 -51.61005
-11.880749999999999 121.67699999999999 -52.942800000000005
-12.91455 122.21175000000001 -14.99535
0.0 117.85829999999999 -14.99535
0.0 114.14580000000001 21.238500000000002
-10.5606 117.94905 20.02725
0.0 111.7833 44.997749999999996
-6.18735 116.0865 43.059599999999996
-28.07745 144.894 15.260100000000001
-31.50945 144.23534999999998 -14.918249999999999
-15.01845 120.1452 22.7193
-24.77535 122.23185 24.559800000000003
-28.0092 115.77074999999999 41.89125
-20.6493 82.896 36.407849999999996
-23.03445 83.24325 43.71285
-24.87585 120.77595000000001 54.0918
-20.79735 82.94324999999999 51.41415
-15.09075 120.77595000000001 54.0918
-13.18845 82.94324999999999 51.41415
-9.2412 83.24325 43.71285
-10.35315 115.77074999999999 41.89125
-13.007249999999999 82.896 36.27645
-32.01375 163.78934999999998 44.82465
-14.3037 49.26480000000001 -127.74405
-18.92895 49.26480000000001 -127.74405
-20.13825 23.44425 -126.78389999999999
-12.214500000000001 23.44425 -126.78389999999999
-23.67855 5.7348 -121.15995000000001
-17.13075 6.48855 -119.59455
-17.572200000000002 11.84925 -121.1133
-18.301949999999998 26.502900000000004 -137.52795
-13.14585 26.502900000000004 -137.52795
-14.566500000000001 20.16435 -138.63045
-16.316399999999998 20.16435 -138.63045
-11.53305 26.5332 -133.85595
-11.25825 20.16435 -138.63045
-19.785899999999998 20.16435 -138.63045
-19.67025 13.9515 -137.5374
-19.6884 13.992149999999999 -137.3556
-20.21205 17.8368 -134.8041
-11.6859 13.9632 -137.5266
-11.6859 13.999500000000001 -137.34765
-14.45475 17.8368 -134.8041
-19.5507 13.951350000000001 -137.5374
-19.5507 13.987650000000002 -137.35845
-11.5494 13.963349999999998 -137.5269
-11.5545 14.0061 -137.3502
-16.57035 17.8368 -134.8041
-11.3643 17.8368 -134.8041
-21.8784 0.92415 -129.48735
-16.5213 6.48855 -119.59455
-17.13375 0.9234 -129.48885
-16.50105 0.921 -129.49365
-11.2554 0.0 -117.0933
-8.988 5.7348 -121.15995000000001
-16.3752 -0.0 -112.87559999999999
-17.2755 -0.0 -112.87559999999999
-21.7755 0.0 -117.0933
-11.2554 0.0 -127.44300000000001
-11.1441 0.9259499999999999 -129.4836
-21.7755 0.0 -127.44300000000001
-16.3752 0.0 -127.44300000000001
-17.2755 0.0 -127.44300000000001
-17.90145 50.3874 -135.7701
-12.922350000000002 50.3874 -135.7701
-20.527350000000002 86.94765 -135.6375
-21.65325 83.6022 -127.15814999999999
-26.413349999999998 101.06235 -113.6592
-25.137449999999998 103.9965 -122.60595
-18.014249999999997 81.0906 -115.76039999999999
-21.334500000000002 98.07405 -102.51989999999999
-12.5445 103.9965 -122.60595
-10.44495 86.94765 -135.6375
-27.291600000000003 123.8565 -119.49615
-12.012450000000001 123.8565 -119.49615
-22.6542 112.53165000000001 -86.73075
-29.37735 119.84685000000002 -104.5686
-12.2541 119.84685000000002 -104.5686
-12.5445 101.06235 -113.6592
-10.12755 83.6022 -127.15814999999999
-14.363699999999998 112.53165000000001 -86.73075
-12.5445 98.07405 -102.51989999999999
-14.5398 81.0906 -115.76039999999999
-26.89215 129.4728 -75.66120000000001
-35.95545 141.24644999999998 -102.12975
-29.70675 146.5491 -131.23364999999998
-26.58285 152.40765 -59.224199999999996
-37.1601 182.93939999999998 -93.90525
-29.687849999999997 180.71384999999998 -124.88805
-9.67215 202.46085 -131.36025
0.0 204.9963 -131.85945
0.0 192.37800000000001 -145.63665
-5.25315 190.33409999999998 -142.77555
-5.08995 186.09210000000002 -137.76225
-3.3104999999999998 184.8768 -139.62615
0.0 185.12009999999998 -135.47925
0.0 183.9906 -138.6492
0.0 178.70865 -147.58859999999999
-3.9202500000000002 179.7114 -146.3493
-3.2148000000000003 179.12865 -145.08375
0.0 177.74190000000002 -144.8328
-33.4266 238.0662 103.18634999999999
-25.368750000000002 240.99705 109.8339
-24.902700000000003 231.65595 107.51100000000001
-13.8381 228.07575 144.03165
-14.7405 228.80055000000002 143.69295
-15.168 228.27434999999997 142.60575
-14.573699999999999 227.69655 143.43914999999998
-15.4302 11.84925 -121.1133
-19.079250000000002 49.804500000000004 -131.56665
-19.90425 26.53185 -133.8483
-11.980799999999999 49.804500000000004 -131.56665
-14.3037 47.926500000000004 51.22695
-18.92895 47.926500000000004 51.22695
-20.13825 23.44425 54.2487
-12.214500000000001 23.44425 54.2487
-23.67855 5.7348 59.87265000000001
-17.13075 6.48855 61.438199999999995
-17.572200000000002 11.84925 59.91929999999999
-18.301949999999998 26.502900000000004 43.50465
-13.14585 26.502900000000004 43.50465
-14.566500000000001 20.16435 42.40215
-16.316399999999998 20.16435 42.40215
-11.53305 26.5332 47.17665
-11.2584 20.16435 42.40215
-19.785899999999998 20.16435 42.40215
-19.67025 13.9515 43.4952
-19.6884 13.992149999999999 43.677
-20.21205 17.8368 46.2285
-11.6859 13.9632 43.506
-11.6859 13.999500000000001 43.68495
-14.45475 17.8368 46.2285
-19.5507 13.951350000000001 43.4952
-19.5507 13.987650000000002 43.67415
-11.5494 13.963349999999998 43.50585
-11.5545 14.0061 43.68255
-16.57035 17.8368 46.2285
-11.3643 17.8368 46.2285
-21.8784 0.92415 51.54525
-16.5213 6.48855 61.438199999999995
-17.13375 0.9234 51.5439
-16.50105 0.921 51.53895
-11.2554 -0.0 63.939299999999996
-8.988 5.7348 59.87265000000001
-16.3752 -0.0 68.15700000000001
-17.2755 -0.0 68.15700000000001
-21.7755 -0.0 63.939299999999996
-11.2554 -0.0 53.5896
-11.1441 0.9259499999999999 51.549150000000004
-21.7755 -0.0 53.5896
-16.3752 -0.0 53.5896
-17.2755 -0.0 53.5896
-17.90145 47.9919 43.1229
-12.922350000000002 47.9919 43.1229
-15.4302 11.84925 59.91929999999999
-19.079250000000002 47.962650000000004 47.3667
-19.90425 26.53185 47.1843
-11.980799999999999 47.962650000000004 47.3667
12.1965 227.56740000000002 145.521
15.72915 230.30955 144.88139999999999
14.27715 234.46095 145.04865
8.77425 227.95395000000002 147.14415000000002
16.92285 228.2565 140.44635
17.6994 228.83445 136.3095
15.160800000000002 226.3872 143.95260000000002
14.69625 223.50869999999998 142.55790000000002
4.5399 220.35150000000002 160.20569999999998
6.63345 210.1812 168.8124
8.507249999999999 199.05315000000002 170.61945
7.611749999999999 206.412 171.54315
5.0754 194.90474999999998 164.4963
7.2932999999999995 201.23535 145.8942
6.20025 198.51375000000002 158.5206
10.27875 206.11905000000002 124.70339999999999
7.7424 245.8383 137.84985
6.964499999999999 249.43515 128.98005
11.349599999999999 213.74880000000002 146.9835
16.0281 215.68349999999998 132.01095
14.61015 238.51995 122.88255000000001
15.403649999999999 244.1973 132.66375
10.49325 207.63975 160.47735
15.99465 234.48045000000002 112.992
16.7529 232.4793 119.70779999999999
7.081049999999999 247.68555000000003 120.05624999999999
13.6122 245.9658 126.28875
13.1739 239.2923 121.36364999999999
12.3267 257.04915 134.9829
11.741249999999999 257.41305 129.6369
17.40045 253.69754999999998 133.87664999999998
16.99935 254.14755000000002 127.49475
24.233249999999998 271.10865 142.9977
24.5454 271.10865 142.97684999999998
24.541800000000002 271.10865 142.67745000000002
24.1647 271.10865 142.6806
20.4663 262.34175 127.92
20.9676 258.594 126.17054999999999
23.236649999999997 257.35575 132.11175
22.7628 263.72145 133.6668
27.15375 265.05165 129.61034999999998
26.70075 266.24834999999996 121.22055
26.61795 260.12624999999997 129.6504
18.2073 277.58535 118.20824999999999
18.4248 277.68705 118.13265
18.28905 277.63545 117.83430000000001
18.10035 277.43685 117.8895
24.5586 260.70285 123.9582
35.384100000000004 268.84395 123.5187
32.40315 267.84749999999997 117.1119
35.18415 284.64779999999996 138.4116
35.6919 284.93085 138.7338
35.775000000000006 285.39254999999997 138.66434999999998
35.2722 285.0942 138.33749999999998
31.698 263.42655 117.62625
34.878600000000006 263.53725 123.92670000000001
42.1035 274.2591 117.7149
45.6498 281.29305 113.43900000000001
42.23205 279.50295 108.7203
38.3052 272.73855000000003 113.36339999999998
51.2847 298.92675 121.13655
51.2847 298.92675 120.84299999999999
50.682900000000004 298.92675 120.84299999999999
50.682900000000004 298.92675 121.13655
43.942049999999995 274.78229999999996 106.66725000000001
39.17715 266.8896 113.09309999999999
47.086650000000006 275.7348 109.05885
42.81435 268.55295 116.97435
47.15325 284.82989999999995 108.08370000000001
43.0002 281.84205 106.76235
48.582899999999995 281.08155 105.2706
44.94885 278.27985 104.63355000000001
47.59125 291.57945 101.4285
47.9859 299.9532 86.54955
44.8812 297.67455 84.92925
43.8528 289.12155 96.23445000000001
48.749700000000004 285.3129 98.12310000000001
48.6234 295.87739999999997 83.313
46.27935 294.89639999999997 82.69275
45.459450000000004 285.8799 95.72279999999999
47.118750000000006 314.10255 81.10485
45.7863 314.0439 80.56155000000001
47.39985 314.0406 78.8109
46.3662 313.97204999999997 78.30375000000001
46.807950000000005 321.16665 80.93415
46.4862 321.16365 80.799
46.854 321.22215 80.41785
46.6413 321.25335 80.34944999999999
22.6962 261.606 139.8813
21.3192 263.0631 137.8566
19.8639 261.89805 135.07455
25.8747 262.404 139.01055
23.94975 268.26405 142.44645
23.79765 268.5084 141.57435
24.8814 268.69245 141.0651
24.692100000000003 265.1184 137.44635
25.10235 268.2741 142.1739
21.21645 268.43760000000003 120.56565
20.43465 266.46795 119.80019999999999
22.52595 267.44669999999996 117.83924999999999
23.74515 270.2739 119.1474
20.04405 272.9682 117.73845
19.8627 272.35545 115.98644999999999
21.10935 272.67975 115.72800000000001
21.526500000000002 273.5262 117.2709
35.1972 272.12715000000003 132.0276
34.49985 273.93405 131.667
39.4233 274.9017 130.35675
38.7483 272.31885 131.0946
36.85665 279.2097 134.66955000000002
37.30155 280.20345 133.71465
40.128600000000006 280.42065 133.2903
39.66825 279.3483 134.25150000000002
53.4165 277.9575 116.99295000000001
50.38035 281.7756 118.18665
48.8694 283.5489 115.72095
52.0242 282.19425 114.76859999999999
54.09165 292.8963 120.23145000000001
51.5766 292.8963 120.23145000000001
51.5766 292.8963 119.0043
54.09165 292.8963 119.0043
38.65935 314.89125 99.47099999999999
38.8116 314.89455 99.03855
38.2434 314.88210000000004 98.82240000000002
38.0805 314.87865 99.2055
66.53370000000001 335.63955 87.28694999999999
67.1811 335.7186 86.97735
66.86099999999999 335.865 86.35155
66.2736 335.7786 86.6937
57.68235 296.90085 102.64815000000002
59.2569 293.51370000000003 100.7454
61.76565000000001 293.0967 104.32605000000001
59.89275 296.71125 106.03875
64.62899999999999 305.5992 98.82795
66.45945 302.5536 97.00425
68.9151 302.3523 100.5795
66.8697 305.52105 102.27495
66.86955 318.81345 90.57045
68.7264 318.43185 88.5651
70.7454 319.17075 90.23939999999999
68.6148 319.51245 92.21925
39.9798 294.19395 97.32315
44.2221 296.3052 99.54135
41.9103 294.882 103.9734
38.22795 293.49615 101.2524
37.4379 306.0 97.18425
39.7284 306.55695 98.22165
39.114599999999996 306.40770000000003 100.29645
36.7809 305.84024999999997 99.02265
22.17645 245.8419 110.3784
24.68595 246.11745000000002 112.50555
35.8056 247.59974999999997 100.41285
23.02335 239.94405 103.40279999999998
13.1373 218.9574 91.86914999999999
18.8451 199.01655 66.32535
19.854599999999998 206.01465 40.3956
18.22965 204.77475 19.851
20.18655 205.86585 -14.99535
14.796000000000001 207.23444999999998 -64.93035
18.17955 213.43859999999998 -97.50224999999999
17.67315 146.88225 79.94025
13.2918 189.51525 110.91194999999999
10.374 123.15570000000001 63.82875
4.6281 174.94605 -134.98785
3.4344 146.13285 -127.8159
3.5210999999999997 132.22230000000002 -100.5513
11.408100000000001 126.9387 -74.40105
11.880749999999999 121.67699999999999 -52.942800000000005
12.91455 122.21175000000001 -14.99535
10.5606 117.94905 20.02725
6.18735 116.0865 43.059599999999996
31.50945 144.23534999999998 -14.918249999999999
28.07745 144.894 15.260100000000001
15.01845 120.1452 22.7193
24.77535 122.23185 24.559800000000003
28.0092 115.77074999999999 41.89125
23.03445 83.24325 43.71285
20.6493 82.896 36.407849999999996
24.87585 120.77595000000001 54.0918
20.79735 82.94324999999999 51.41415
9.2412 83.24325 43.71285
13.18845 82.94324999999999 51.41415
15.09075 120.77595000000001 54.0918
10.35315 115.77074999999999 41.89125
13.007249999999999 82.896 36.27645
32.01375 163.78934999999998 44.82465
14.3037 49.26480000000001 -127.74405
12.214500000000001 23.44425 -126.78389999999999
20.13825 23.44425 -126.78389999999999
18.92895 49.26480000000001 -127.74405
23.67855 5.7348 -121.15995000000001
17.572200000000002 11.84925 -121.1133
17.13075 6.48855 -119.59455
18.301949999999998 26.502900000000004 -137.52795
16.316399999999998 20.16435 -138.63045
14.566500000000001 20.16435 -138.63045
13.14585 26.502900000000004 -137.52795
11.25825 20.16435 -138.63045
11.53305 26.5332 -133.85595
19.785899999999998 20.16435 -138.63045
20.21205 17.8368 -134.8041
19.6884 13.992149999999999 -137.3556
19.67025 13.9515 -137.5374
14.45475 17.8368 -134.8041
11.6859 13.999500000000001 -137.34765
11.6859 13.9632 -137.5266
19.5507 13.951350000000001 -137.5374
19.5507 13.987650000000002 -137.35845
11.5545 14.0061 -137.3502
11.5494 13.963349999999998 -137.5269
16.57035 17.8368 -134.8041
11.3643 17.8368 -134.8041
21.8784 0.92415 -129.48735
17.13375 0.9234 -129.48885
16.5213 6.48855 -119.59455
16.50105 0.921 -129.49365
8.988 5.7348 -121.15995000000001
11.2554 0.0 -117.0933
16.3752 -0.0 -112.87559999999999
17.2755 -0.0 -112.87559999999999
21.7755 0.0 -117.0933
11.1441 0.9259499999999999 -129.4836
11.2554 0.0 -127.44300000000001
21.7755 0.0 -127.44300000000001
16.3752 0.0 -127.44300000000001
17.2755 0.0 -127.44300000000001
17.90145 50.3874 -135.7701
12.922350000000002 50.3874 -135.7701
20.527350000000002 86.94765 -135.6375
25.137449999999998 103.9965 -122.60595
26.413349999999998 101.06235 -113.6592
21.65325 83.6022 -127.15814999999999
21.334500000000002 98.07405 -102.51989999999999
18.014249999999997 81.0906 -115.76039999999999
12.5445 103.9965 -122.60595
10.44495 86.94765 -135.6375
12.012450000000001 123.8565 -119.49615
27.291600000000003 123.8565 -119.49615
29.37735 119.84685000000002 -104.5686
22.6542 112.53165000000001 -86.73075
12.5445 101.06235 -113.6592
12.2541 119.84685000000002 -104.5686
10.12755 83.6022 -127.15814999999999
12.5445 98.07405 -102.51989999999999
14.363699999999998 112.53165000000001 -86.73075
14.5398 81.0906 -115.76039999999999
35.95545 141.24644999999998 -102.12975
26.89215 129.4728 -75.66120000000001
29.70675 146.5491 -131.23364999999998
37.1601 182.93939999999998 -93.90525
26.58285 152.40765 -59.224199999999996
29.687849999999997 180.71384999999998 -124.88805
9.67215 202.46085 -131.36025
5.25315 190.33409999999998 -142.77555
5.08995 186.09210000000002 -137.76225
3.3104999999999998 184.8768 -139.62615
3.9202500000000002 179.7114 -146.3493
3.2148000000000003 179.12865 -145.08375
25.368750000000002 240.99705 109.8339
33.4266 238.0662 103.18634999999999
24.902700000000003 231.65595 107.51100000000001
13.8381 228.07575 144.03165
14.573699999999999 227.69655 143.43914999999998
15.168 228.27434999999997 142.60575
14.7405 228.80055000000002 143.69295
15.4302 11.84925 -121.1133
19.90425 26.53185 -133.8483
19.079250000000002 49.804500000000004 -131.56665
11.980799999999999 49.804500000000004 -131.56665
14.3037 47.926500000000004 51.22695
12.214500000000001 23.44425 54.2487
20.13825 23.44425 54.2487
18.92895 47.926500000000004 51.22695
23.67855 5.7348 59.87265000000001
17.572200000000002 11.84925 59.91929999999999
17.13075 6.48855 61.438199999999995
18.301949999999998 26.502900000000004 43.50465
16.316399999999998 20.16435 42.40215
14.566500000000001 20.16435 42.40215
13.14585 26.502900000000004 43.50465
11.2584 20.16435 42.40215
11.53305 26.5332 47.17665
19.785899999999998 20.16435 42.40215
20.21205 17.8368 46.2285
19.6884 13.992149999999999 43.677
19.67025 13.9515 43.4952
14.45475 17.8368 46.2285
11.6859 13.999500000000001 43.68495
11.6859 13.9632 43.506
19.5507 13.951350000000001 43.4952
19.5507 13.987650000000002 43.67415
11.5545 14.0061 43.68255
11.5494 13.963349999999998 43.50585
16.57035 17.8368 46.2285
11.3643 17.8368 46.2285
21.8784 0.92415 51.54525
17.13375 0.9234 51.5439
16.5213 6.48855 61.438199999999995
16.50105 0.921 51.53895
8.988 5.7348 59.87265000000001
11.2554 -0.0 63.939299999999996
16.3752 -0.0 68.15700000000001
17.2755 -0.0 68.15700000000001
21.7755 -0.0 63.939299999999996
11.1441 0.9259499999999999 51.549150000000004
11.2554 -0.0 53.5896
21.7755 -0.0 53.5896
16.3752 -0.0 53.5896
17.2755 -0.0 53.5896
17.90145 47.9919 43.1229
12.922350000000002 47.9919 43.1229
15.4302 11.84925 59.91929999999999
19.90425 26.53185 47.1843
19.079250000000002 47.962650000000004 47.3667
11.980799999999999 47.962650000000004 47.3667

2656


1 2
2 3
3 4
1 4
4 3
3 5
5 6
4 6
6 5
5 7
7 8
6 8
7 2
2 1
1 8
7 8
2 9
9 10
10 11
2 11
12 13
13 10
10 9
12 9
14 15
15 16
16 17
14 17
17 16
16 18
18 19
17 19
20 21
21 22
22 23
20 23
23 22
22 24
24 25
23 25
26 27
27 2
2 11
26 11
26 28
28 29
29 27
26 27
7 5
5 30
30 31
7 31
5 3
3 32
32 33
5 33
16 34
34 21
21 18
16 18
2 7
7 31
31 9
2 9
21 34
34 31
31 22
21 22
30 35
35 36
36 24
30 24
24 22
22 31
31 30
24 30
28 37
37 38
38 29
28 29
38 39
39 40
40 29
38 29
27 29
29 41
41 42
27 42
32 27
27 42
42 43
32 43
29 40
40 44
44 41
29 41
32 43
43 44
44 40
32 40
45 46
46 47
47 48
45 48
44 49
49 50
50 41
44 41
44 43
43 51
51 49
44 49
52 50
50 53
53 54
52 54
51 52
52 54
54 55
51 55
56 57
57 58
58 59
56 59
49 51
51 55
55 60
49 60
53 61
61 62
62 54
53 54
63 64
64 65
65 66
63 66
53 60
60 67
67 61
53 61
60 55
55 68
68 67
60 67
69 70
70 71
71 72
69 72
73 74
74 75
75 76
73 76
70 77
77 78
78 71
70 71
77 79
79 80
80 78
77 78
71 81
81 82
82 72
71 72
72 82
82 83
83 80
72 80
71 78
78 84
84 81
71 81
78 80
80 83
83 84
78 84
85 86
86 87
87 88
85 88
89 85
85 88
88 90
89 90
86 91
91 92
92 87
86 87
91 89
89 90
90 92
91 92
88 87
87 93
93 94
88 94
90 88
88 94
94 95
90 95
87 92
92 96
96 93
87 93
92 90
90 95
95 96
92 96
94 93
93 97
97 98
94 98
95 94
94 98
98 99
95 99
93 96
96 100
100 97
93 97
96 95
95 99
99 100
96 100
15 12
12 34
34 16
15 16
14 13
13 12
12 15
14 15
42 101
101 102
102 43
42 43
50 52
52 103
103 41
50 41
51 43
43 102
102 104
51 104
102 101
101 105
105 106
102 106
101 107
107 108
108 105
101 105
107 104
104 109
109 108
107 108
104 102
102 106
106 109
104 109
48 47
47 106
106 105
48 105
105 108
108 45
45 48
105 48
108 109
109 46
46 45
108 45
109 106
106 47
47 46
109 46
50 49
49 110
110 111
50 111
49 60
60 112
112 110
49 110
53 113
113 112
112 60
53 60
53 50
50 111
111 113
53 113
111 110
110 114
114 115
111 115
110 112
112 116
116 114
110 114
112 113
113 117
117 116
112 116
113 111
111 115
115 117
113 117
115 114
114 57
57 56
115 56
114 116
116 58
58 57
114 57
116 117
117 59
59 58
116 58
117 115
115 56
56 59
117 59
61 70
70 69
69 62
61 62
62 69
69 79
79 68
62 68
77 70
70 61
61 67
77 67
79 77
77 67
67 68
79 68
55 54
54 118
118 119
55 119
54 62
62 120
120 118
54 118
68 121
121 120
120 62
68 62
68 55
55 119
119 121
68 121
119 118
118 122
122 123
119 123
118 120
120 124
124 122
118 122
120 121
121 125
125 124
120 124
121 119
119 123
123 125
121 125
123 122
122 66
66 65
123 65
122 124
124 63
63 66
122 66
124 125
125 64
64 63
124 63
125 123
123 65
65 64
125 64
79 69
69 126
126 127
79 127
69 72
72 128
128 126
69 126
80 129
129 128
128 72
80 72
80 79
79 127
127 129
80 129
127 126
126 130
130 131
127 131
126 128
128 132
132 130
126 130
128 129
129 133
133 132
128 132
129 127
127 131
131 133
129 133
131 130
130 74
74 73
131 73
130 132
132 75
75 74
130 74
132 133
133 76
76 75
132 75
133 131
131 73
73 76
133 76
134 135
135 136
136 137
134 137
138 139
139 140
140 141
138 141
91 86
86 81
81 84
91 84
89 91
91 84
84 83
89 83
89 142
142 143
143 85
89 85
89 83
83 144
144 142
89 142
83 82
82 145
145 144
83 144
82 85
85 143
143 145
82 145
146 147
147 143
143 142
146 142
142 144
144 148
148 146
142 146
144 145
145 149
149 148
144 148
145 143
143 147
147 149
145 149
150 151
151 147
147 146
150 146
146 148
148 152
152 150
146 150
148 149
149 153
153 152
148 152
149 147
147 151
151 153
149 153
140 139
139 151
151 150
140 150
141 140
140 150
150 152
141 152
152 153
153 138
138 141
152 141
151 139
139 138
138 153
151 153
86 85
85 154
154 155
86 155
85 82
82 156
156 154
85 154
81 86
86 155
155 157
81 157
158 159
159 155
155 154
158 154
154 156
156 160
160 158
154 158
156 157
157 161
161 160
156 160
157 155
155 159
159 161
157 161
135 134
134 159
159 158
135 158
158 160
160 136
136 135
158 135
160 161
161 137
137 136
160 136
161 159
159 134
134 137
161 137
38 37
37 36
36 39
38 39
33 35
35 30
30 5
33 5
162 163
163 164
164 165
162 165
166 36
36 37
37 167
166 167
166 167
167 168
168 169
166 169
170 171
171 172
172 173
170 173
173 172
172 174
174 175
173 175
175 174
174 176
176 177
175 177
176 178
178 179
179 177
176 177
18 21
21 20
20 19
18 19
180 181
181 182
182 183
180 183
183 182
182 184
184 185
183 185
186 187
187 188
188 189
186 189
188 187
187 190
190 191
188 191
191 190
190 192
192 193
191 193
193 192
192 194
194 195
193 195
196 197
197 198
198 199
196 199
199 198
198 200
200 201
199 201
24 181
181 180
180 25
24 25
24 36
36 166
166 181
24 181
196 199
199 202
202 203
196 203
169 182
182 181
181 166
169 166
202 173
173 175
175 203
202 203
202 199
199 204
204 205
202 205
184 201
201 200
200 185
184 185
206 205
205 207
207 208
206 208
209 206
206 208
208 210
209 210
211 212
212 213
213 214
211 214
204 214
214 213
213 215
204 215
168 171
171 170
170 169
168 169
170 173
173 202
202 216
170 216
216 182
182 169
169 170
216 170
204 215
215 207
207 205
204 205
210 212
212 211
211 209
210 209
216 206
206 209
209 182
216 182
202 205
205 206
206 216
202 216
182 209
209 211
211 184
182 184
184 211
211 214
214 201
184 201
201 214
214 204
204 199
201 199
217 218
218 219
219 220
217 220
221 222
222 223
223 219
221 219
224 225
225 226
226 227
224 227
225 228
228 229
229 226
225 226
230 231
231 232
232 233
230 233
226 234
234 235
235 236
226 236
237 238
238 232
232 231
237 231
235 234
234 239
239 240
235 240
226 236
236 241
241 227
226 227
230 227
227 237
237 231
230 231
241 238
238 237
237 227
241 227
233 232
232 238
238 241
233 241
226 229
229 239
239 234
226 234
242 240
240 239
239 229
242 229
236 235
235 240
240 242
236 242
221 219
219 233
233 243
221 243
244 222
222 245
245 246
244 246
247 248
248 244
244 249
247 249
250 222
222 221
221 251
250 251
252 253
253 248
248 247
252 247
254 251
251 221
221 243
254 243
255 246
246 253
253 252
255 252
254 243
243 245
245 256
254 256
255 249
249 244
244 246
255 246
256 245
245 222
222 250
256 250
225 224
224 257
257 258
225 258
252 247
247 249
249 255
252 255
256 250
250 251
251 254
256 254
259 260
260 261
261 262
259 262
260 263
263 264
264 261
260 261
259 262
262 265
265 266
259 266
265 262
262 267
267 268
265 268
264 269
269 270
270 261
264 261
265 268
268 271
271 272
265 272
265 272
272 273
273 266
265 266
272 271
271 274
274 275
272 275
272 275
275 276
276 273
272 273
275 274
274 269
269 264
275 264
263 276
276 275
275 264
263 264
270 269
269 277
277 278
270 278
268 267
267 279
279 188
268 188
271 268
268 188
188 191
271 191
274 271
271 191
191 193
274 193
269 274
274 193
193 277
269 277
278 277
277 280
280 281
278 281
279 282
282 189
189 188
279 188
195 196
196 203
203 280
195 280
280 277
277 193
193 195
280 195
175 177
177 280
280 203
175 203
97 100
100 99
99 98
97 98
194 197
197 196
196 195
194 195
283 284
284 285
285 286
283 286
287 283
283 286
286 288
287 288
289 287
287 288
288 290
289 290
286 285
285 291
291 292
286 292
288 286
286 292
292 293
288 293
290 288
288 293
293 294
290 294
291 294
294 293
293 292
291 292
162 295
295 296
296 163
162 163
284 283
283 179
179 178
284 178
281 280
280 177
177 179
281 179
179 283
283 282
282 281
179 281
281 282
282 279
279 278
281 278
278 279
279 267
267 270
278 270
267 262
262 261
261 270
267 270
297 35
35 296
296 295
297 295
295 162
162 165
165 297
295 297
36 35
35 297
297 165
36 165
165 164
164 39
39 36
165 36
35 33
33 163
163 296
35 296
9 31
31 34
34 12
9 12
282 283
283 287
287 189
282 189
189 287
287 289
289 186
189 186
298 299
299 300
300 301
298 301
1 4
4 299
299 298
1 298
4 6
6 300
300 299
4 299
6 8
8 301
301 300
6 300
8 1
1 298
298 301
8 301
156 82
82 81
81 157
156 157
52 51
51 104
104 107
52 107
52 107
107 101
101 103
52 103
42 41
41 103
103 101
42 101
244 302
302 223
223 222
244 222
236 242
242 253
253 246
236 246
219 218
218 303
303 304
219 304
303 257
257 224
224 304
303 304
225 258
258 305
305 228
225 228
305 217
217 220
220 228
305 228
248 253
253 242
242 220
248 220
302 244
244 248
248 220
302 220
246 245
245 241
241 236
246 236
241 245
245 243
243 233
241 233
304 230
230 233
233 219
304 219
228 220
220 242
242 229
228 229
224 227
227 230
230 304
224 304
302 220
220 219
219 223
302 223
306 307
307 308
308 309
306 309
310 311
311 312
312 308
310 308
313 314
314 315
315 316
313 316
314 317
317 318
318 315
314 315
319 320
320 321
321 322
319 322
315 323
323 324
324 325
315 325
326 327
327 321
321 320
326 320
324 323
323 328
328 329
324 329
315 325
325 330
330 316
315 316
319 316
316 326
326 320
319 320
330 327
327 326
326 316
330 316
322 321
321 327
327 330
322 330
315 318
318 328
328 323
315 323
331 329
329 328
328 318
331 318
325 324
324 329
329 331
325 331
310 308
308 322
322 332
310 332
333 311
311 334
334 335
333 335
336 337
337 333
333 338
336 338
339 311
311 310
310 340
339 340
341 342
342 337
337 336
341 336
343 340
340 310
310 332
343 332
344 335
335 342
342 341
344 341
343 332
332 334
334 345
343 345
344 338
338 333
333 335
344 335
345 334
334 311
311 339
345 339
314 313
313 346
346 347
314 347
341 336
336 338
338 344
341 344
345 339
339 340
340 343
345 343
333 348
348 312
312 311
333 311
325 331
331 342
342 335
325 335
308 307
307 349
349 350
308 350
349 346
346 313
313 350
349 350
314 347
347 351
351 317
314 317
351 306
306 309
309 317
351 317
337 342
342 331
331 309
337 309
348 333
333 337
337 309
348 309
335 334
334 330
330 325
335 325
330 334
334 332
332 322
330 322
350 319
319 322
322 308
350 308
317 309
309 331
331 318
317 318
313 316
316 319
319 350
313 350
348 309
309 308
308 312
348 312
306 212
212 210
210 307
306 307
349 307
307 210
210 208
349 208
346 349
349 208
208 207
346 207
346 207
207 215
215 347
346 347
347 215
215 213
213 351
347 351
351 213
213 212
212 306
351 306
258 257
257 259
259 266
258 266
257 303
303 260
260 259
257 259
303 218
218 263
263 260
303 260
218 217
217 276
276 263
218 263
217 305
305 273
273 276
217 276
305 258
258 266
266 273
305 273
33 39
39 164
164 163
33 163
33 32
32 40
40 39
33 39
3 2
2 27
27 32
3 32
352 353
353 354
354 355
352 355
353 356
356 357
357 354
353 354
356 358
358 359
359 357
356 357
359 358
358 352
352 355
359 355
355 11
11 10
10 360
355 360
10 13
13 361
361 360
10 360
14 17
17 362
362 363
14 363
17 19
19 364
364 362
17 362
20 23
23 365
365 366
20 366
23 25
25 367
367 365
23 365
355 368
368 26
26 11
355 11
26 368
368 369
369 28
26 28
359 370
370 371
371 357
359 357
357 372
372 373
373 354
357 354
362 364
364 366
366 374
362 374
355 360
360 370
370 359
355 359
366 365
365 370
370 374
366 374
375 376
376 371
371 367
375 367
367 371
371 370
370 365
367 365
28 369
369 377
377 37
28 37
378 379
379 377
377 369
378 369
380 381
381 369
369 368
380 368
382 380
380 368
368 373
382 373
383 378
378 369
369 381
383 381
382 373
373 378
378 383
382 383
384 385
385 386
386 387
384 387
388 389
389 383
383 381
388 381
383 389
389 390
390 382
383 382
391 392
392 393
393 388
391 388
390 394
394 392
392 391
390 391
395 396
396 397
397 398
395 398
389 399
399 394
394 390
389 390
393 392
392 400
400 401
393 401
402 403
403 404
404 405
402 405
393 401
401 406
406 399
393 399
399 406
406 407
407 394
399 394
408 409
409 410
410 411
408 411
412 413
413 414
414 415
412 415
411 410
410 416
416 417
411 417
417 416
416 418
418 419
417 419
410 409
409 420
420 421
410 421
409 418
418 422
422 420
409 420
410 421
421 423
423 416
410 416
416 423
423 422
422 418
416 418
424 425
425 426
426 427
424 427
428 429
429 425
425 424
428 424
427 426
426 430
430 431
427 431
431 430
430 429
429 428
431 428
425 432
432 433
433 426
425 426
429 434
434 432
432 425
429 425
426 433
433 435
435 430
426 430
430 435
435 434
434 429
430 429
432 436
436 437
437 433
432 433
434 438
438 436
436 432
434 432
433 437
437 439
439 435
433 435
435 439
439 438
438 434
435 434
363 362
362 374
374 361
363 361
14 363
363 361
361 13
14 13
380 382
382 440
440 441
380 441
442 391
391 388
388 381
442 381
390 443
443 440
440 382
390 382
440 444
444 445
445 441
440 441
441 445
445 446
446 447
441 447
447 446
446 448
448 443
447 443
443 448
448 444
444 440
443 440
444 384
384 387
387 445
444 445
445 387
387 386
386 446
445 446
446 386
386 385
385 448
446 448
448 385
385 384
384 444
448 444
388 449
449 450
450 389
388 389
389 450
450 451
451 399
389 399
451 452
452 393
393 399
451 399
393 452
452 449
449 388
393 388
449 453
453 454
454 450
449 450
450 454
454 455
455 451
450 451
451 455
455 456
456 452
451 452
452 456
456 453
453 449
452 449
453 395
395 398
398 454
453 454
454 398
398 397
397 455
454 455
455 397
397 396
396 456
455 456
456 396
396 395
395 453
456 453
401 400
400 408
408 411
401 411
400 407
407 419
419 408
400 408
417 406
406 401
401 411
417 411
419 407
407 406
406 417
419 417
394 457
457 458
458 392
394 392
392 458
458 459
459 400
392 400
459 460
460 407
407 400
459 400
407 460
460 457
457 394
407 394
457 461
461 462
462 458
457 458
458 462
462 463
463 459
458 459
459 463
463 464
464 460
459 460
460 464
464 461
461 457
460 457
461 402
402 405
405 462
461 462
462 405
405 404
404 463
462 463
463 404
404 403
403 464
463 464
464 403
403 402
402 461
464 461
419 465
465 466
466 408
419 408
408 466
466 467
467 409
408 409
467 468
468 418
418 409
467 409
418 468
468 465
465 419
418 419
465 469
469 470
470 466
465 466
466 470
470 471
471 467
466 467
467 471
471 472
472 468
467 468
468 472
472 469
469 465
468 465
469 412
412 415
415 470
469 470
470 415
415 414
414 471
470 471
471 414
414 413
413 472
471 472
472 413
413 412
412 469
472 469
473 474
474 475
475 476
473 476
477 478
478 479
479 480
477 480
431 423
423 421
421 427
431 427
428 422
422 423
423 431
428 431
428 424
424 481
481 482
428 482
428 482
482 483
483 422
428 422
422 483
483 484
484 420
422 420
420 484
484 481
481 424
420 424
481 485
485 486
486 482
481 482
482 486
486 487
487 483
482 483
483 487
487 488
488 484
483 484
484 488
488 485
485 481
484 481
485 489
489 490
490 486
485 486
486 490
490 491
491 487
486 487
487 491
491 492
492 488
487 488
488 492
492 489
489 485
488 485
479 490
490 489
489 480
479 480
478 491
491 490
490 479
478 479
477 492
492 491
491 478
477 478
489 492
492 477
477 480
489 480
427 493
493 494
494 424
427 424
424 494
494 495
495 420
424 420
421 496
496 493
493 427
421 427
493 497
497 498
498 494
493 494
494 498
498 499
499 495
494 495
495 499
499 500
500 496
495 496
496 500
500 497
497 493
496 493
497 475
475 474
474 498
497 498
498 474
474 473
473 499
498 499
499 473
473 476
476 500
499 500
500 476
476 475
475 497
500 497
375 37
37 377
377 379
375 379
372 357
357 371
371 376
372 376
501 502
502 503
503 504
501 504
37 375
375 505
505 167
37 167
505 506
506 168
168 167
505 167
507 508
508 172
172 171
507 171
508 509
509 174
174 172
508 172
509 510
510 176
176 174
509 174
511 178
178 176
176 510
511 510
364 19
19 20
20 366
364 366
180 183
183 512
512 513
180 513
183 185
185 514
514 512
183 512
186 515
515 516
516 187
186 187
516 517
517 190
190 187
516 187
517 518
518 192
192 190
517 190
518 519
519 194
194 192
518 192
520 521
521 198
198 197
520 197
521 522
522 200
200 198
521 198
367 25
25 180
180 513
367 513
505 375
375 367
367 513
505 513
520 523
523 524
524 521
520 521
506 505
505 513
513 512
506 512
524 523
523 509
509 508
524 508
525 521
521 524
524 526
525 526
514 185
185 200
200 522
514 522
527 528
528 529
529 526
527 526
530 531
531 528
528 527
530 527
532 533
533 534
534 535
532 535
525 536
536 532
532 535
525 535
168 506
506 507
507 171
168 171
507 537
537 524
524 508
507 508
537 507
507 506
506 512
537 512
529 536
536 525
525 526
529 526
531 530
530 534
534 533
531 533
537 512
512 530
530 527
537 527
524 537
537 527
527 526
524 526
512 514
514 534
534 530
512 530
514 522
522 535
535 534
514 534
522 521
521 525
525 535
522 535
538 539
539 540
540 541
538 541
542 540
540 543
543 544
542 544
545 546
546 547
547 548
545 548
548 547
547 549
549 550
548 550
551 552
552 553
553 554
551 554
547 555
555 556
556 557
547 557
558 554
554 553
553 559
558 559
556 560
560 561
561 557
556 557
562 555
555 547
547 546
562 546
551 554
554 558
558 546
551 546
558 559
559 562
562 546
558 546
559 553
553 552
552 562
559 562
547 557
557 561
561 549
547 549
561 560
560 563
563 549
561 549
560 556
556 555
555 563
560 563
542 564
564 552
552 540
542 540
565 544
544 566
566 567
565 567
566 568
568 569
569 570
566 570
542 544
544 571
571 572
542 572
568 573
573 574
574 569
568 569
575 564
564 542
542 572
575 572
573 567
567 576
576 574
573 574
565 564
564 575
575 577
565 577
576 567
567 566
566 570
576 570
544 565
565 577
577 571
544 571
578 545
545 548
548 579
578 579
574 576
576 570
570 569
574 569
577 575
575 572
572 571
577 571
580 581
581 582
582 583
580 583
583 582
582 584
584 585
583 585
586 581
581 580
580 587
586 587
586 588
588 589
589 581
586 581
584 582
582 590
590 591
584 591
586 592
592 593
593 588
586 588
586 587
587 594
594 592
586 592
592 595
595 596
596 593
592 593
592 594
594 597
597 595
592 595
595 584
584 591
591 596
595 596
585 584
584 595
595 597
585 597
590 598
598 599
599 591
590 591
588 516
516 600
600 589
588 589
593 517
517 516
516 588
593 588
596 518
518 517
517 593
596 593
591 599
599 518
518 596
591 596
598 601
601 602
602 599
598 599
600 516
516 515
515 603
600 603
519 602
602 523
523 520
519 520
602 519
519 518
518 599
602 599
602 510
510 509
509 523
602 523
437 436
436 438
438 439
437 439
194 519
519 520
520 197
194 197
604 605
605 285
285 284
604 284
606 607
607 605
605 604
606 604
289 290
290 607
607 606
289 606
605 608
608 291
291 285
605 285
607 609
609 608
608 605
607 605
290 294
294 609
609 607
290 607
609 294
294 291
291 608
609 608
503 502
502 610
610 611
503 611
511 604
604 284
284 178
511 178
510 602
602 601
601 511
510 511
511 601
601 603
603 604
511 604
601 598
598 600
600 603
601 603
598 590
590 589
589 600
598 600
582 581
581 589
589 590
582 590
610 376
376 612
612 611
610 611
611 612
612 504
504 503
611 503
375 504
504 612
612 376
375 376
379 501
501 504
504 375
379 375
376 610
610 502
502 372
376 372
360 361
361 374
374 370
360 370
603 515
515 606
606 604
603 604
515 186
186 289
289 606
515 606
613 614
614 615
615 616
613 616
352 613
613 616
616 353
352 353
353 616
616 615
615 356
353 356
356 615
615 614
614 358
356 358
358 614
614 613
613 352
358 352
421 420
420 495
495 496
421 496
391 447
447 443
443 390
391 390
391 442
442 441
441 447
391 447
380 441
441 442
442 381
380 381
543 617
617 566
566 544
543 544
555 567
567 573
573 563
555 563
540 618
618 619
619 541
540 541
545 578
578 619
619 618
545 618
548 550
550 620
620 579
548 579
539 538
538 620
620 550
539 550
563 573
573 568
568 539
563 539
568 566
566 617
617 539
568 539
567 555
555 562
562 565
567 565
562 552
552 564
564 565
562 565
552 551
551 618
618 540
552 540
550 549
549 563
563 539
550 539
551 546
546 545
545 618
551 618
617 543
543 540
540 539
617 539
621 622
622 623
623 624
621 624
625 623
623 626
626 627
625 627
628 629
629 630
630 631
628 631
631 630
630 632
632 633
631 633
634 635
635 636
636 637
634 637
630 638
638 639
639 640
630 640
641 637
637 636
636 642
641 642
639 643
643 644
644 640
639 640
645 638
638 630
630 629
645 629
634 637
637 641
641 629
634 629
641 642
642 645
645 629
641 629
642 636
636 635
635 645
642 645
630 640
640 644
644 632
630 632
644 643
643 646
646 632
644 632
643 639
639 638
638 646
643 646
625 647
647 635
635 623
625 623
648 627
627 649
649 650
648 650
649 651
651 652
652 653
649 653
625 627
627 654
654 655
625 655
651 656
656 657
657 652
651 652
658 647
647 625
625 655
658 655
656 650
650 659
659 657
656 657
648 647
647 658
658 660
648 660
659 650
650 649
649 653
659 653
627 648
648 660
660 654
627 654
661 628
628 631
631 662
661 662
657 659
659 653
653 652
657 652
660 658
658 655
655 654
660 654
626 663
663 649
649 627
626 627
638 650
650 656
656 646
638 646
623 664
664 665
665 624
623 624
628 661
661 665
665 664
628 664
631 633
633 666
666 662
631 662
622 621
621 666
666 633
622 633
646 656
656 651
651 622
646 622
651 649
649 663
663 622
651 622
650 638
638 645
645 648
650 648
645 635
635 647
647 648
645 648
635 634
634 664
664 623
635 623
633 632
632 646
646 622
633 622
634 629
629 628
628 664
634 664
663 626
626 623
623 622
663 622
531 533
533 621
621 624
531 624
665 528
528 531
531 624
665 624
661 529
529 528
528 665
661 665
536 529
529 661
661 662
536 662
532 536
536 662
662 666
532 666
533 532
532 666
666 621
533 621
579 587
587 580
580 578
579 578
578 580
580 583
583 619
578 619
619 583
583 585
585 541
619 541
541 585
585 597
597 538
541 538
538 597
597 594
594 620
538 620
620 594
594 587
587 579
620 579
372 502
502 501
501 379
372 379
378 373
373 372
372 379
378 379
354 373
373 368
368 355
354 355
