0.0 36.45195 2.2931500000000007
1252
-1.0703 60.0632 42.5839
0.0 60.5208 43.2929
0.0 60.5208 43.2929
0.0 62.0871 38.4269
0.0 62.0871 38.4269
-1.2073 61.7317 38.5023
-1.0703 60.0632 42.5839
-1.2073 61.7317 38.5023
-1.4735 62.9793 35.3937
0.0 63.0023 35.9347
0.0 63.0023 35.9347
0.0 66.5374 33.6997
0.0 66.5374 33.6997
-1.6151 66.4783 33.5434
-1.4735 62.9793 35.3937
-1.6151 66.4783 33.5434
-1.6151 66.4783 33.5434
0.0 66.5374 33.6997
0.0 66.5374 33.6997
0.0 68.1502 30.5125
0.0 68.1502 30.5125
-2.0337 68.0208 30.3775
-1.6151 66.4783 33.5434
-2.0337 68.0208 30.3775
-2.0337 68.0208 30.3775
0.0 68.1502 30.5125
0.0 68.1502 30.5125
0.0 68.6399 24.5492
0.0 68.6399 24.5492
-1.4123 68.4196 25.0142
-2.0337 68.0208 30.3775
-1.4123 68.4196 25.0142
-1.4123 68.4196 25.0142
0.0 68.6399 24.5492
0.0 68.6399 24.5492
0.0 67.5486 21.6502
0.0 67.5486 21.6502
-3.3688 66.784 22.0988
-1.4123 68.4196 25.0142
-3.3688 66.784 22.0988
-3.3688 66.784 22.0988
0.0 67.5486 21.6502
0.0 67.5486 21.6502
0.0 63.0286 16.264
0.0 63.0286 16.264
-4.9529 61.9067 17.5324
-3.3688 66.784 22.0988
-4.9529 61.9067 17.5324
-5.2209 58.7555 13.7239
0.0 59.8812 12.3276
0.0 59.8812 12.3276
0.0 55.6331 7.2884
0.0 55.6331 7.2884
-5.4912 53.569 7.0532
-5.2209 58.7555 13.7239
-5.4912 53.569 7.0532
-5.4912 53.569 7.0532
0.0 55.6331 7.2884
0.0 55.6331 7.2884
0.0 52.7779 -4.508
0.0 52.7779 -4.508
-5.1013 50.5662 -4.6607
-5.4912 53.569 7.0532
-5.1013 50.5662 -4.6607
-5.1013 50.5662 -4.6607
0.0 52.7779 -4.508
0.0 52.7779 -4.508
0.0 51.3881 -18.0608
0.0 51.3881 -18.0608
-4.2878 49.8122 -16.8214
-5.1013 50.5662 -4.6607
-4.2878 49.8122 -16.8214
-4.2878 49.8122 -16.8214
0.0 51.3881 -18.0608
0.0 51.3881 -18.0608
0.0 51.1005 -25.0311
0.0 51.1005 -25.0311
-3.7827 49.8836 -26.778
-4.2878 49.8122 -16.8214
-3.7827 49.8836 -26.778
-3.5104 46.1778 -31.3639
0.0 45.9378 -32.2941
0.0 45.9378 -32.2941
0.0 40.1842 -34.0518
0.0 40.1842 -34.0518
-3.159 39.3728 -33.9397
-3.5104 46.1778 -31.3639
-3.159 39.3728 -33.9397
-3.159 39.3728 -33.9397
0.0 40.1842 -34.0518
0.0 40.1842 -34.0518
0.0 31.3032 -23.0912
0.0 31.3032 -23.0912
-1.525 31.9297 -23.0912
-3.159 39.3728 -33.9397
-1.525 31.9297 -23.0912
-1.525 31.9297 -23.0912
0.0 31.3032 -23.0912
0.0 31.3032 -23.0912
0.0 28.2578 -12.5282
0.0 28.2578 -12.5282
-3.989 28.8871 -12.8093
-1.525 31.9297 -23.0912
-3.989 28.8871 -12.8093
-3.989 28.8871 -12.8093
0.0 28.2578 -12.5282
0.0 28.2578 -12.5282
0.0 25.7754 -3.9972
0.0 25.7754 -3.9972
-6.1336 26.9997 -4.1936
-3.989 28.8871 -12.8093
-6.1336 26.9997 -4.1936
-6.1336 26.9997 -4.1936
0.0 25.7754 -3.9972
0.0 25.7754 -3.9972
0.0 21.0551 4.3107
0.0 21.0551 4.3107
-5.7727 23.8732 2.5201
-6.1336 26.9997 -4.1936
-5.7727 23.8732 2.5201
-5.7727 23.8732 2.5201
0.0 21.0551 4.3107
0.0 21.0551 4.3107
0.0 21.1492 10.4294
0.0 21.1492 10.4294
-3.0602 22.1858 11.1401
-5.7727 23.8732 2.5201
-3.0602 22.1858 11.1401
0.0 49.8742 32.4936
0.0 53.7564 33.7791
0.0 53.7564 33.7791
-4.2655 54.713 33.1236
-4.2655 54.713 33.1236
-2.8472 48.9426 31.248
0.0 49.8742 32.4936
-2.8472 48.9426 31.248
-1.4717 61.2281 33.9047
-1.7216 62.2457 33.7362
-1.7216 62.2457 33.7362
-4.0187 61.5824 32.8866
-4.0187 61.5824 32.8866
-4.0238 61.1644 33.0124
-1.4717 61.2281 33.9047
-4.0238 61.1644 33.0124
-4.0187 61.5824 32.8866
-1.7216 62.2457 33.7362
-1.7216 62.2457 33.7362
-1.4735 62.9793 35.3937
-1.4735 62.9793 35.3937
-4.5313 62.2139 33.1023
-4.0187 61.5824 32.8866
-4.5313 62.2139 33.1023
-1.4717 61.2281 33.9047
-4.4531 60.094 35.2123
-4.4531 60.094 35.2123
-2.6558 59.6975 38.3042
-2.6558 59.6975 38.3042
-1.2073 61.7317 38.5023
-1.4717 61.2281 33.9047
-1.2073 61.7317 38.5023
-1.4735 62.9793 35.3937
-1.7216 62.2457 33.7362
-1.7216 62.2457 33.7362
-1.4717 61.2281 33.9047
-1.4717 61.2281 33.9047
-1.2073 61.7317 38.5023
-1.4735 62.9793 35.3937
-1.2073 61.7317 38.5023
-4.5313 62.2139 33.1023
-1.4735 62.9793 35.3937
-1.4735 62.9793 35.3937
-1.6151 66.4783 33.5434
-1.6151 66.4783 33.5434
-5.6666 62.9149 31.4062
-4.5313 62.2139 33.1023
-5.6666 62.9149 31.4062
-5.1702 72.6362 31.9057
-4.5824 72.5148 32.1162
-4.5824 72.5148 32.1162
-4.4256 72.7931 31.2641
-4.4256 72.7931 31.2641
-5.2705 72.9039 31.0672
-5.1702 72.6362 31.9057
-5.2705 72.9039 31.0672
-7.0413 63.7406 28.1534
-2.0337 68.0208 30.3775
-2.0337 68.0208 30.3775
-4.5824 72.5148 32.1162
-4.5824 72.5148 32.1162
-5.1702 72.6362 31.9057
-7.0413 63.7406 28.1534
-5.1702 72.6362 31.9057
-2.0337 68.0208 30.3775
-1.4123 68.4196 25.0142
-1.4123 68.4196 25.0142
-4.4256 72.7931 31.2641
-4.4256 72.7931 31.2641
-4.5824 72.5148 32.1162
-2.0337 68.0208 30.3775
-4.5824 72.5148 32.1162
-1.4123 68.4196 25.0142
-7.1458 65.1197 24.9639
-7.1458 65.1197 24.9639
-5.2705 72.9039 31.0672
-5.2705 72.9039 31.0672
-4.4256 72.7931 31.2641
-1.4123 68.4196 25.0142
-4.4256 72.7931 31.2641
-7.1458 65.1197 24.9639
-7.0413 63.7406 28.1534
-7.0413 63.7406 28.1534
-5.1702 72.6362 31.9057
-5.1702 72.6362 31.9057
-5.2705 72.9039 31.0672
-7.1458 65.1197 24.9639
-5.2705 72.9039 31.0672
-7.0413 63.7406 28.1534
-7.1458 65.1197 24.9639
-7.1458 65.1197 24.9639
-8.2859 62.8256 23.6916
-8.2859 62.8256 23.6916
-8.3999 59.7912 28.0147
-7.0413 63.7406 28.1534
-8.3999 59.7912 28.0147
-8.3999 59.7912 28.0147
-8.2859 62.8256 23.6916
-8.2859 62.8256 23.6916
-9.0858 58.9035 21.6742
-9.0858 58.9035 21.6742
-7.4604 55.4711 28.1595
-8.3999 59.7912 28.0147
-7.4604 55.4711 28.1595
-0.9293 58.375 41.3783
-2.6558 59.6975 38.3042
-2.6558 59.6975 38.3042
-2.894 57.4168 38.106
-2.894 57.4168 38.106
-1.0943 56.767 40.4711
-0.9293 58.375 41.3783
-1.0943 56.767 40.4711
0.0 56.5808 41.2973
0.0 57.9318 42.0475
0.0 57.9318 42.0475
-0.9293 58.375 41.3783
-0.9293 58.375 41.3783
-1.0943 56.767 40.4711
0.0 56.5808 41.2973
-1.0943 56.767 40.4711
-6.331 49.3805 26.4953
-7.9595 53.772 18.6897
-7.9595 53.772 18.6897
-10.1576 47.3121 19.1146
-10.1576 47.3121 19.1146
-8.7778 45.5459 24.0163
-6.331 49.3805 26.4953
-8.7778 45.5459 24.0163
-1.6151 66.4783 33.5434
-2.0337 68.0208 30.3775
-2.0337 68.0208 30.3775
-7.0413 63.7406 28.1534
-7.0413 63.7406 28.1534
-5.6666 62.9149 31.4062
-1.6151 66.4783 33.5434
-5.6666 62.9149 31.4062
-4.0238 61.1644 33.0124
-4.0187 61.5824 32.8866
-4.0187 61.5824 32.8866
-4.5313 62.2139 33.1023
-4.5313 62.2139 33.1023
-5.0685 60.3084 33.5396
-4.0238 61.1644 33.0124
-5.0685 60.3084 33.5396
-5.0685 60.3084 33.5396
-4.5313 62.2139 33.1023
-4.5313 62.2139 33.1023
-5.6666 62.9149 31.4062
-5.6666 62.9149 31.4062
-6.0319 58.6991 32.5019
-5.0685 60.3084 33.5396
-6.0319 58.6991 32.5019
-1.4735 62.9793 35.3937
-1.2073 61.7317 38.5023
-1.2073 61.7317 38.5023
0.0 62.0871 38.4269
0.0 62.0871 38.4269
0.0 63.0023 35.9347
-1.4735 62.9793 35.3937
0.0 63.0023 35.9347
-8.2859 62.8256 23.6916
-7.1458 65.1197 24.9639
-7.1458 65.1197 24.9639
-1.4123 68.4196 25.0142
-1.4123 68.4196 25.0142
-3.3688 66.784 22.0988
-8.2859 62.8256 23.6916
-3.3688 66.784 22.0988
-7.9595 53.772 18.6897
-9.0858 58.9035 21.6742
-9.0858 58.9035 21.6742
-4.9529 61.9067 17.5324
-4.9529 61.9067 17.5324
-5.2209 58.7555 13.7239
-7.9595 53.772 18.6897
-5.2209 58.7555 13.7239
-6.1336 26.9997 -4.1936
-5.7727 23.8732 2.5201
-5.7727 23.8732 2.5201
-8.3835 36.274 1.8868
-8.3835 36.274 1.8868
-8.3955 35.9091 -4.493
-6.1336 26.9997 -4.1936
-8.3955 35.9091 -4.493
-5.4912 53.569 7.0532
-5.1013 50.5662 -4.6607
-5.1013 50.5662 -4.6607
-6.2355 46.9125 -3.7101
-6.2355 46.9125 -3.7101
-7.7761 48.3654 8.0857
-5.4912 53.569 7.0532
-7.7761 48.3654 8.0857
-5.7727 23.8732 2.5201
-3.0602 22.1858 11.1401
-3.0602 22.1858 11.1401
-5.1188 10.9534 9.8226
-5.1188 10.9534 9.8226
-6.1522 9.4758 7.3635
-5.7727 23.8732 2.5201
-6.1522 9.4758 7.3635
-4.9467 23.6358 18.0086
-8.5076 24.0759 18.1242
-8.5076 24.0759 18.1242
-8.0895 11.9075 13.4733
-8.0895 11.9075 13.4733
-6.1475 11.5406 13.386
-4.9467 23.6358 18.0086
-6.1475 11.5406 13.386
-8.5076 24.0759 18.1242
-10.8515 23.2784 12.5962
-10.8515 23.2784 12.5962
-9.1764 11.3333 9.9591
-9.1764 11.3333 9.9591
-8.0895 11.9075 13.4733
-8.5076 24.0759 18.1242
-8.0895 11.9075 13.4733
-9.4023 23.0664 5.8743
-5.7727 23.8732 2.5201
-5.7727 23.8732 2.5201
-6.1522 9.4758 7.3635
-6.1522 9.4758 7.3635
-8.334 10.049 7.6081
-9.4023 23.0664 5.8743
-8.334 10.049 7.6081
-5.8983 0.0 11.4977
-4.9938 2.2037 12.8056
-4.9938 2.2037 12.8056
-5.1279 1.8671 18.3129
-5.1279 1.8671 18.3129
-4.8481 0.0041 18.581
-5.8983 0.0 11.4977
-4.8481 0.0041 18.581
-6.162 4.2247 14.5227
-8.0264 4.3028 14.5425
-8.0264 4.3028 14.5425
-7.9759 3.4445 17.68
-7.9759 3.4445 17.68
-6.1507 3.4345 17.6784
-6.162 4.2247 14.5227
-6.1507 3.4345 17.6784
-8.0264 4.3028 14.5425
-9.065 2.2037 12.8056
-9.065 2.2037 12.8056
-8.9225 1.8836 18.3129
-8.9225 1.8836 18.3129
-7.9759 3.4445 17.68
-8.0264 4.3028 14.5425
-7.9759 3.4445 17.68
-8.1736 0.0 11.4977
-5.8983 0.0 11.4977
-5.8983 0.0 11.4977
-4.8481 0.0041 18.581
-4.8481 0.0041 18.581
-9.1968 0.0041 18.581
-8.1736 0.0 11.4977
-9.1968 0.0041 18.581
-6.1507 3.4345 17.6784
-7.9759 3.4445 17.68
-7.9759 3.4445 17.68
-8.9225 1.8836 18.3129
-8.9225 1.8836 18.3129
-5.1279 1.8671 18.3129
-6.1507 3.4345 17.6784
-5.1279 1.8671 18.3129
-8.9043 35.0267 22.8604
-5.2406 34.5802 25.1142
-5.2406 34.5802 25.1142
-6.331 49.3805 26.4953
-6.331 49.3805 26.4953
-8.7778 45.5459 24.0163
-8.9043 35.0267 22.8604
-8.7778 45.5459 24.0163
-8.7778 45.5459 24.0163
-10.1576 47.3121 19.1146
-10.1576 47.3121 19.1146
-11.4191 37.0898 17.2978
-11.4191 37.0898 17.2978
-8.9043 35.0267 22.8604
-8.7778 45.5459 24.0163
-8.9043 35.0267 22.8604
0.0 33.2126 26.4552
2.8472 48.9426 31.248
2.8472 48.9426 31.248
0.0 49.8742 32.4936
0.0 49.8742 32.4936
-2.8472 48.9426 31.248
0.0 33.2126 26.4552
-2.8472 48.9426 31.248
-8.3835 36.274 1.8868
-5.7727 23.8732 2.5201
-5.7727 23.8732 2.5201
-9.4023 23.0664 5.8743
-9.4023 23.0664 5.8743
-10.4593 37.0399 7.6051
-8.3835 36.274 1.8868
-10.4593 37.0399 7.6051
-10.4593 37.0399 7.6051
-9.4023 23.0664 5.8743
-9.4023 23.0664 5.8743
-10.8515 23.2784 12.5962
-10.8515 23.2784 12.5962
-11.4191 37.0898 17.2978
-10.4593 37.0399 7.6051
-11.4191 37.0898 17.2978
-8.9043 35.0267 22.8604
-8.5076 24.0759 18.1242
-8.5076 24.0759 18.1242
-4.9467 23.6358 18.0086
-4.9467 23.6358 18.0086
-5.2406 34.5802 25.1142
-8.9043 35.0267 22.8604
-5.2406 34.5802 25.1142
-5.2406 34.5802 25.1142
-4.9467 23.6358 18.0086
-4.9467 23.6358 18.0086
0.0 21.5596 16.2258
0.0 21.5596 16.2258
0.0 33.2126 26.4552
-5.2406 34.5802 25.1142
0.0 33.2126 26.4552
-8.3835 36.274 1.8868
-10.4593 37.0399 7.6051
-10.4593 37.0399 7.6051
-10.1035 46.086 12.8986
-10.1035 46.086 12.8986
-7.7761 48.3654 8.0857
-8.3835 36.274 1.8868
-7.7761 48.3654 8.0857
-7.9595 53.772 18.6897
-7.7761 48.3654 8.0857
-7.7761 48.3654 8.0857
-10.1035 46.086 12.8986
-10.1035 46.086 12.8986
-10.1576 47.3121 19.1146
-7.9595 53.772 18.6897
-10.1576 47.3121 19.1146
-7.7761 48.3654 8.0857
-7.9595 53.772 18.6897
-7.9595 53.772 18.6897
-5.2209 58.7555 13.7239
-5.2209 58.7555 13.7239
-5.4912 53.569 7.0532
-7.7761 48.3654 8.0857
-5.4912 53.569 7.0532
-3.159 39.3728 -33.9397
-1.525 31.9297 -23.0912
-1.525 31.9297 -23.0912
-2.006 25.246 -26.0957
-2.006 25.246 -26.0957
-4.208 32.5404 -35.3179
-3.159 39.3728 -33.9397
-4.208 32.5404 -35.3179
-1.525 31.9297 -23.0912
-3.989 28.8871 -12.8093
-3.989 28.8871 -12.8093
-4.3516 22.3232 -17.8305
-4.3516 22.3232 -17.8305
-2.006 25.246 -26.0957
-1.525 31.9297 -23.0912
-2.006 25.246 -26.0957
-3.5104 46.1778 -31.3639
-3.159 39.3728 -33.9397
-3.159 39.3728 -33.9397
-8.9037 38.8359 -32.4249
-8.9037 38.8359 -32.4249
-8.3267 43.395 -28.247
-3.5104 46.1778 -31.3639
-8.3267 43.395 -28.247
-9.2743 42.4074 -19.7383
-10.3919 34.5595 -23.0334
-10.3919 34.5595 -23.0334
-8.9193 29.9965 -15.945
-8.9193 29.9965 -15.945
-9.2631 38.8975 -13.6326
-9.2743 42.4074 -19.7383
-9.2631 38.8975 -13.6326
-8.9037 38.8359 -32.4249
-3.159 39.3728 -33.9397
-3.159 39.3728 -33.9397
-4.208 32.5404 -35.3179
-4.208 32.5404 -35.3179
-8.4491 32.7561 -34.6817
-8.9037 38.8359 -32.4249
-8.4491 32.7561 -34.6817
-10.3919 34.5595 -23.0334
-8.9037 38.8359 -32.4249
-8.9037 38.8359 -32.4249
-8.4491 32.7561 -34.6817
-8.4491 32.7561 -34.6817
-9.7046 26.9366 -26.1386
-10.3919 34.5595 -23.0334
-9.7046 26.9366 -26.1386
-8.9193 29.9965 -15.945
-10.3919 34.5595 -23.0334
-10.3919 34.5595 -23.0334
-9.7046 26.9366 -26.1386
-9.7046 26.9366 -26.1386
-8.3939 22.7467 -19.1145
-8.9193 29.9965 -15.945
-8.3939 22.7467 -19.1145
-8.9193 29.9965 -15.945
-8.3939 22.7467 -19.1145
-8.3939 22.7467 -19.1145
-4.3516 22.3232 -17.8305
-4.3516 22.3232 -17.8305
-3.989 28.8871 -12.8093
-8.9193 29.9965 -15.945
-3.989 28.8871 -12.8093
-4.615 19.2711 -34.413
-3.2307 17.1211 -29.3654
-3.2307 17.1211 -29.3654
-3.5255 9.9869 -35.478
-3.5255 9.9869 -35.478
-4.6677 9.6743 -38.7066
-4.615 19.2711 -34.413
-4.6677 9.6743 -38.7066
-3.2307 17.1211 -29.3654
-4.773 16.1094 -25.3457
-4.773 16.1094 -25.3457
-4.6625 10.0819 -32.1364
-4.6625 10.0819 -32.1364
-3.5255 9.9869 -35.478
-3.2307 17.1211 -29.3654
-3.5255 9.9869 -35.478
-7.3679 19.3552 -34.265
-4.615 19.2711 -34.413
-4.615 19.2711 -34.413
-4.6677 9.6743 -38.7066
-4.6677 9.6743 -38.7066
-6.8155 9.6812 -38.672
-7.3679 19.3552 -34.265
-6.8155 9.6812 -38.672
-8.8503 17.3728 -29.4051
-7.3679 19.3552 -34.265
-7.3679 19.3552 -34.265
-6.8155 9.6812 -38.672
-6.8155 9.6812 -38.672
-8.1155 9.9978 -35.4814
-8.8503 17.3728 -29.4051
-8.1155 9.9978 -35.4814
-7.3837 16.2034 -25.6691
-8.8503 17.3728 -29.4051
-8.8503 17.3728 -29.4051
-8.1155 9.9978 -35.4814
-8.1155 9.9978 -35.4814
-6.9462 10.0864 -32.1445
-7.3837 16.2034 -25.6691
-6.9462 10.0864 -32.1445
-4.773 16.1094 -25.3457
-7.3837 16.2034 -25.6691
-7.3837 16.2034 -25.6691
-6.9462 10.0864 -32.1445
-6.9462 10.0864 -32.1445
-4.6625 10.0819 -32.1364
-4.773 16.1094 -25.3457
-4.6625 10.0819 -32.1364
-4.6677 9.6743 -38.7066
-3.5255 9.9869 -35.478
-3.5255 9.9869 -35.478
-3.7241 1.891 -34.4107
-3.7241 1.891 -34.4107
-3.7681 0.0033 -36.8421
-4.6677 9.6743 -38.7066
-3.7681 0.0033 -36.8421
-3.5255 9.9869 -35.478
-4.6625 10.0819 -32.1364
-4.6625 10.0819 -32.1364
-4.3549 3.2387 -33.0995
-4.3549 3.2387 -33.0995
-3.7241 1.891 -34.4107
-3.5255 9.9869 -35.478
-3.7241 1.891 -34.4107
-6.8155 9.6812 -38.672
-4.6677 9.6743 -38.7066
-4.6677 9.6743 -38.7066
-3.7681 0.0033 -36.8421
-3.7681 0.0033 -36.8421
-6.8771 0.0 -36.7865
-6.8155 9.6812 -38.672
-6.8771 0.0 -36.7865
-8.1155 9.9978 -35.4814
-6.8155 9.6812 -38.672
-6.8155 9.6812 -38.672
-6.8771 0.0 -36.7865
-6.8771 0.0 -36.7865
-7.8598 1.891 -34.4107
-8.1155 9.9978 -35.4814
-7.8598 1.891 -34.4107
-6.9462 10.0864 -32.1445
-8.1155 9.9978 -35.4814
-8.1155 9.9978 -35.4814
-7.8598 1.891 -34.4107
-7.8598 1.891 -34.4107
-6.9602 3.2387 -33.0995
-6.9462 10.0864 -32.1445
-6.9602 3.2387 -33.0995
-4.6625 10.0819 -32.1364
-6.9462 10.0864 -32.1445
-6.9462 10.0864 -32.1445
-6.9602 3.2387 -33.0995
-6.9602 3.2387 -33.0995
-4.3549 3.2387 -33.0995
-4.6625 10.0819 -32.1364
-4.3549 3.2387 -33.0995
-3.7681 0.0033 -36.8421
-3.7241 1.891 -34.4107
-3.7241 1.891 -34.4107
-4.0291 1.8128 -30.5165
-4.0291 1.8128 -30.5165
-3.9159 0.0 -30.1141
-3.7681 0.0033 -36.8421
-3.9159 0.0 -30.1141
-3.7241 1.891 -34.4107
-4.3549 3.2387 -33.0995
-4.3549 3.2387 -33.0995
-4.4474 3.0088 -30.9967
-4.4474 3.0088 -30.9967
-4.0291 1.8128 -30.5165
-3.7241 1.891 -34.4107
-4.0291 1.8128 -30.5165
-6.8771 0.0 -36.7865
-3.7681 0.0033 -36.8421
-3.7681 0.0033 -36.8421
-3.9159 0.0 -30.1141
-3.9159 0.0 -30.1141
-7.9766 -0.0 -30.1141
-6.8771 0.0 -36.7865
-7.9766 -0.0 -30.1141
-7.8598 1.891 -34.4107
-6.8771 0.0 -36.7865
-6.8771 0.0 -36.7865
-7.9766 -0.0 -30.1141
-7.9766 -0.0 -30.1141
-7.7557 1.8411 -30.5165
-7.8598 1.891 -34.4107
-7.7557 1.8411 -30.5165
-6.9602 3.2387 -33.0995
-7.8598 1.891 -34.4107
-7.8598 1.891 -34.4107
-7.7557 1.8411 -30.5165
-7.7557 1.8411 -30.5165
-7.1373 3.0088 -30.9967
-6.9602 3.2387 -33.0995
-7.1373 3.0088 -30.9967
-4.3549 3.2387 -33.0995
-6.9602 3.2387 -33.0995
-6.9602 3.2387 -33.0995
-7.1373 3.0088 -30.9967
-7.1373 3.0088 -30.9967
-4.4474 3.0088 -30.9967
-4.3549 3.2387 -33.0995
-4.4474 3.0088 -30.9967
-7.7557 1.8411 -30.5165
-7.9766 -0.0 -30.1141
-7.9766 -0.0 -30.1141
-3.9159 0.0 -30.1141
-3.9159 0.0 -30.1141
-4.0291 1.8128 -30.5165
-7.7557 1.8411 -30.5165
-4.0291 1.8128 -30.5165
-7.1373 3.0088 -30.9967
-7.7557 1.8411 -30.5165
-7.7557 1.8411 -30.5165
-4.0291 1.8128 -30.5165
-4.0291 1.8128 -30.5165
-4.4474 3.0088 -30.9967
-7.1373 3.0088 -30.9967
-4.4474 3.0088 -30.9967
-6.9155 47.0415 -25.3037
-3.7827 49.8836 -26.778
-3.7827 49.8836 -26.778
-3.5104 46.1778 -31.3639
-3.5104 46.1778 -31.3639
-8.3267 43.395 -28.247
-6.9155 47.0415 -25.3037
-8.3267 43.395 -28.247
-7.0557 46.9134 -18.4973
-4.2878 49.8122 -16.8214
-4.2878 49.8122 -16.8214
-3.7827 49.8836 -26.778
-3.7827 49.8836 -26.778
-6.9155 47.0415 -25.3037
-7.0557 46.9134 -18.4973
-6.9155 47.0415 -25.3037
-3.989 28.8871 -12.8093
-6.1336 26.9997 -4.1936
-6.1336 26.9997 -4.1936
-8.3955 35.9091 -4.493
-8.3955 35.9091 -4.493
-7.7411 37.6322 -10.0544
-3.989 28.8871 -12.8093
-7.7411 37.6322 -10.0544
-2.006 25.246 -26.0957
-3.2307 17.1211 -29.3654
-3.2307 17.1211 -29.3654
-4.615 19.2711 -34.413
-4.615 19.2711 -34.413
-4.208 32.5404 -35.3179
-2.006 25.246 -26.0957
-4.208 32.5404 -35.3179
-4.3516 22.3232 -17.8305
-4.773 16.1094 -25.3457
-4.773 16.1094 -25.3457
-3.2307 17.1211 -29.3654
-3.2307 17.1211 -29.3654
-2.006 25.246 -26.0957
-4.3516 22.3232 -17.8305
-2.006 25.246 -26.0957
-4.208 32.5404 -35.3179
-4.615 19.2711 -34.413
-4.615 19.2711 -34.413
-7.3679 19.3552 -34.265
-7.3679 19.3552 -34.265
-8.4491 32.7561 -34.6817
-4.208 32.5404 -35.3179
-8.4491 32.7561 -34.6817
-8.4491 32.7561 -34.6817
-7.3679 19.3552 -34.265
-7.3679 19.3552 -34.265
-8.8503 17.3728 -29.4051
-8.8503 17.3728 -29.4051
-9.7046 26.9366 -26.1386
-8.4491 32.7561 -34.6817
-9.7046 26.9366 -26.1386
-9.7046 26.9366 -26.1386
-8.8503 17.3728 -29.4051
-8.8503 17.3728 -29.4051
-7.3837 16.2034 -25.6691
-7.3837 16.2034 -25.6691
-8.3939 22.7467 -19.1145
-9.7046 26.9366 -26.1386
-8.3939 22.7467 -19.1145
-8.3939 22.7467 -19.1145
-7.3837 16.2034 -25.6691
-7.3837 16.2034 -25.6691
-4.773 16.1094 -25.3457
-4.773 16.1094 -25.3457
-4.3516 22.3232 -17.8305
-8.3939 22.7467 -19.1145
-4.3516 22.3232 -17.8305
-8.9037 38.8359 -32.4249
-10.3919 34.5595 -23.0334
-10.3919 34.5595 -23.0334
-9.2743 42.4074 -19.7383
-9.2743 42.4074 -19.7383
-8.3267 43.395 -28.247
-8.9037 38.8359 -32.4249
-8.3267 43.395 -28.247
-6.9155 47.0415 -25.3037
-8.3267 43.395 -28.247
-8.3267 43.395 -28.247
-9.2743 42.4074 -19.7383
-9.2743 42.4074 -19.7383
-7.0557 46.9134 -18.4973
-6.9155 47.0415 -25.3037
-7.0557 46.9134 -18.4973
-6.0319 58.6991 32.5019
-5.6666 62.9149 31.4062
-5.6666 62.9149 31.4062
-7.0413 63.7406 28.1534
-7.0413 63.7406 28.1534
-8.3999 59.7912 28.0147
-6.0319 58.6991 32.5019
-8.3999 59.7912 28.0147
-4.2655 54.713 33.1236
-7.4604 55.4711 28.1595
-7.4604 55.4711 28.1595
-6.331 49.3805 26.4953
-6.331 49.3805 26.4953
-2.8472 48.9426 31.248
-4.2655 54.713 33.1236
-2.8472 48.9426 31.248
0.0 21.1492 10.4294
0.0 21.5596 16.2258
0.0 21.5596 16.2258
-4.9467 23.6358 18.0086
-4.9467 23.6358 18.0086
-3.0602 22.1858 11.1401
0.0 21.1492 10.4294
-3.0602 22.1858 11.1401
-3.0602 22.1858 11.1401
-4.9467 23.6358 18.0086
-4.9467 23.6358 18.0086
-6.1475 11.5406 13.386
-6.1475 11.5406 13.386
-5.1188 10.9534 9.8226
-3.0602 22.1858 11.1401
-5.1188 10.9534 9.8226
-10.8515 23.2784 12.5962
-9.4023 23.0664 5.8743
-9.4023 23.0664 5.8743
-8.334 10.049 7.6081
-8.334 10.049 7.6081
-9.1764 11.3333 9.9591
-10.8515 23.2784 12.5962
-9.1764 11.3333 9.9591
-4.9938 2.2037 12.8056
-6.162 4.2247 14.5227
-6.162 4.2247 14.5227
-6.1507 3.4345 17.6784
-6.1507 3.4345 17.6784
-5.1279 1.8671 18.3129
-4.9938 2.2037 12.8056
-5.1279 1.8671 18.3129
-9.065 2.2037 12.8056
-8.1736 0.0 11.4977
-8.1736 0.0 11.4977
-9.1968 0.0041 18.581
-9.1968 0.0041 18.581
-8.9225 1.8836 18.3129
-9.065 2.2037 12.8056
-8.9225 1.8836 18.3129
-8.9225 1.8836 18.3129
-9.1968 0.0041 18.581
-9.1968 0.0041 18.581
-4.8481 0.0041 18.581
-4.8481 0.0041 18.581
-5.1279 1.8671 18.3129
-8.9225 1.8836 18.3129
-5.1279 1.8671 18.3129
-10.8515 23.2784 12.5962
-8.5076 24.0759 18.1242
-8.5076 24.0759 18.1242
-8.9043 35.0267 22.8604
-8.9043 35.0267 22.8604
-11.4191 37.0898 17.2978
-10.8515 23.2784 12.5962
-11.4191 37.0898 17.2978
-10.1576 47.3121 19.1146
-10.1035 46.086 12.8986
-10.1035 46.086 12.8986
-10.4593 37.0399 7.6051
-10.4593 37.0399 7.6051
-11.4191 37.0898 17.2978
-10.1576 47.3121 19.1146
-11.4191 37.0898 17.2978
-3.7827 49.8836 -26.778
0.0 51.1005 -25.0311
0.0 51.1005 -25.0311
0.0 53.1964 -26.3909
0.0 53.1964 -26.3909
-5.3563 53.1964 -29.7765
-3.7827 49.8836 -26.778
-5.3563 53.1964 -29.7765
-3.5104 46.1778 -31.3639
-3.7827 49.8836 -26.778
-3.7827 49.8836 -26.778
-5.3563 53.1964 -29.7765
-5.3563 53.1964 -29.7765
-4.726 50.4054 -34.3469
-3.5104 46.1778 -31.3639
-4.726 50.4054 -34.3469
0.0 45.9378 -32.2941
-3.5104 46.1778 -31.3639
-3.5104 46.1778 -31.3639
-4.726 50.4054 -34.3469
-4.726 50.4054 -34.3469
0.0 50.4054 -35.7716
0.0 45.9378 -32.2941
0.0 50.4054 -35.7716
-4.726 50.4054 -34.3469
-5.3563 53.1964 -29.7765
-5.3563 53.1964 -29.7765
-5.646 57.4789 -29.5361
-5.646 57.4789 -29.5361
-4.9817 59.4355 -36.2693
-4.726 50.4054 -34.3469
-4.9817 59.4355 -36.2693
0.0 50.4054 -35.7716
-4.726 50.4054 -34.3469
-4.726 50.4054 -34.3469
-4.9817 59.4355 -36.2693
-4.9817 59.4355 -36.2693
0.0 60.0403 -37.6438
0.0 50.4054 -35.7716
0.0 60.0403 -37.6438
-5.3563 53.1964 -29.7765
0.0 53.1964 -26.3909
0.0 53.1964 -26.3909
0.0 56.0416 -26.2696
0.0 56.0416 -26.2696
-5.646 57.4789 -29.5361
-5.3563 53.1964 -29.7765
-5.646 57.4789 -29.5361
-4.9817 59.4355 -36.2693
-5.646 57.4789 -29.5361
-5.646 57.4789 -29.5361
-5.6959 60.7511 -26.1066
-5.6959 60.7511 -26.1066
-5.0256 66.4289 -30.4633
-4.9817 59.4355 -36.2693
-5.0256 66.4289 -30.4633
0.0 60.0403 -37.6438
-4.9817 59.4355 -36.2693
-4.9817 59.4355 -36.2693
-5.0256 66.4289 -30.4633
-5.0256 66.4289 -30.4633
0.0 67.6308 -31.3855
0.0 60.0403 -37.6438
0.0 67.6308 -31.3855
-5.646 57.4789 -29.5361
0.0 56.0416 -26.2696
0.0 56.0416 -26.2696
0.0 57.8949 -23.9149
0.0 57.8949 -23.9149
-5.6959 60.7511 -26.1066
-5.646 57.4789 -29.5361
-5.6959 60.7511 -26.1066
-5.0256 66.4289 -30.4633
-5.6959 60.7511 -26.1066
-5.6959 60.7511 -26.1066
-5.5917 61.4858 -21.0244
-5.5917 61.4858 -21.0244
-4.9337 68.5099 -20.8712
-5.0256 66.4289 -30.4633
-4.9337 68.5099 -20.8712
0.0 67.6308 -31.3855
-5.0256 66.4289 -30.4633
-5.0256 66.4289 -30.4633
-4.9337 68.5099 -20.8712
-4.9337 68.5099 -20.8712
0.0 69.9968 -20.8387
0.0 67.6308 -31.3855
0.0 69.9968 -20.8387
-5.6959 60.7511 -26.1066
0.0 57.8949 -23.9149
0.0 57.8949 -23.9149
0.0 57.9523 -21.1015
0.0 57.9523 -21.1015
-5.5917 61.4858 -21.0244
-5.6959 60.7511 -26.1066
-5.5917 61.4858 -21.0244
-4.9337 68.5099 -20.8712
-5.5917 61.4858 -21.0244
-5.5917 61.4858 -21.0244
-4.0168 59.3177 -16.4484
-4.0168 59.3177 -16.4484
-3.5441 62.5901 -12.6061
-4.9337 68.5099 -20.8712
-3.5441 62.5901 -12.6061
0.0 69.9968 -20.8387
-4.9337 68.5099 -20.8712
-4.9337 68.5099 -20.8712
-3.5441 62.5901 -12.6061
-3.5441 62.5901 -12.6061
0.0 63.2828 -11.7927
0.0 69.9968 -20.8387
0.0 63.2828 -11.7927
-5.5917 61.4858 -21.0244
0.0 57.9523 -21.1015
0.0 57.9523 -21.1015
0.0 57.6715 -18.3813
0.0 57.6715 -18.3813
-4.0168 59.3177 -16.4484
-5.5917 61.4858 -21.0244
-4.0168 59.3177 -16.4484
-3.5441 62.5901 -12.6061
-4.0168 59.3177 -16.4484
-4.0168 59.3177 -16.4484
-0.71 54.1777 -15.3476
-0.71 54.1777 -15.3476
-0.6265 54.3962 -14.5806
-3.5441 62.5901 -12.6061
-0.6265 54.3962 -14.5806
0.0 63.2828 -11.7927
-3.5441 62.5901 -12.6061
-3.5441 62.5901 -12.6061
-0.6265 54.3962 -14.5806
-0.6265 54.3962 -14.5806
-0.0 54.2179 -14.285
0.0 63.2828 -11.7927
-0.0 54.2179 -14.285
-4.0168 59.3177 -16.4484
0.0 57.6715 -18.3813
0.0 57.6715 -18.3813
-0.0 53.8865 -15.4218
-0.0 53.8865 -15.4218
-0.71 54.1777 -15.3476
-4.0168 59.3177 -16.4484
-0.71 54.1777 -15.3476
-0.0 54.2179 -14.285
-0.6265 54.3962 -14.5806
-0.6265 54.3962 -14.5806
-0.71 54.1777 -15.3476
-0.71 54.1777 -15.3476
-0.0 53.8865 -15.4218
-0.0 54.2179 -14.285
-0.0 53.8865 -15.4218
0.0 63.0286 16.264
0.0 59.8812 12.3276
0.0 59.8812 12.3276
-5.2209 58.7555 13.7239
-5.2209 58.7555 13.7239
-4.9529 61.9067 17.5324
0.0 63.0286 16.264
-4.9529 61.9067 17.5324
-9.0858 58.9035 21.6742
-7.9595 53.772 18.6897
-7.9595 53.772 18.6897
-6.331 49.3805 26.4953
-6.331 49.3805 26.4953
-7.4604 55.4711 28.1595
-9.0858 58.9035 21.6742
-7.4604 55.4711 28.1595
-9.0858 58.9035 21.6742
-8.2859 62.8256 23.6916
-8.2859 62.8256 23.6916
-3.3688 66.784 22.0988
-3.3688 66.784 22.0988
-4.9529 61.9067 17.5324
-9.0858 58.9035 21.6742
-4.9529 61.9067 17.5324
-4.2655 54.713 33.1236
-6.0319 58.6991 32.5019
-6.0319 58.6991 32.5019
-8.3999 59.7912 28.0147
-8.3999 59.7912 28.0147
-7.4604 55.4711 28.1595
-4.2655 54.713 33.1236
-7.4604 55.4711 28.1595
-9.2631 38.8975 -13.6326
-8.9193 29.9965 -15.945
-8.9193 29.9965 -15.945
-3.989 28.8871 -12.8093
-3.989 28.8871 -12.8093
-7.7411 37.6322 -10.0544
-9.2631 38.8975 -13.6326
-7.7411 37.6322 -10.0544
-7.0557 46.9134 -18.4973
-9.2743 42.4074 -19.7383
-9.2743 42.4074 -19.7383
-9.2631 38.8975 -13.6326
-9.2631 38.8975 -13.6326
-7.7813 45.2165 -13.8001
-7.0557 46.9134 -18.4973
-7.7813 45.2165 -13.8001
-7.7411 37.6322 -10.0544
-6.5323 46.0398 -11.4981
-6.5323 46.0398 -11.4981
-7.7813 45.2165 -13.8001
-7.7813 45.2165 -13.8001
-9.2631 38.8975 -13.6326
-7.7411 37.6322 -10.0544
-9.2631 38.8975 -13.6326
-6.2355 46.9125 -3.7101
-5.1013 50.5662 -4.6607
-5.1013 50.5662 -4.6607
-4.2878 49.8122 -16.8214
-4.2878 49.8122 -16.8214
-6.5323 46.0398 -11.4981
-6.2355 46.9125 -3.7101
-6.5323 46.0398 -11.4981
-6.5323 46.0398 -11.4981
-4.2878 49.8122 -16.8214
-4.2878 49.8122 -16.8214
-7.0557 46.9134 -18.4973
-7.0557 46.9134 -18.4973
-7.7813 45.2165 -13.8001
-6.5323 46.0398 -11.4981
-7.7813 45.2165 -13.8001
-6.5323 46.0398 -11.4981
-7.7411 37.6322 -10.0544
-7.7411 37.6322 -10.0544
-8.3955 35.9091 -4.493
-8.3955 35.9091 -4.493
-6.2355 46.9125 -3.7101
-6.5323 46.0398 -11.4981
-6.2355 46.9125 -3.7101
-6.2355 46.9125 -3.7101
-8.3955 35.9091 -4.493
-8.3955 35.9091 -4.493
-8.3835 36.274 1.8868
-8.3835 36.274 1.8868
-7.7761 48.3654 8.0857
-6.2355 46.9125 -3.7101
-7.7761 48.3654 8.0857
-2.8472 48.9426 31.248
-6.331 49.3805 26.4953
-6.331 49.3805 26.4953
-5.2406 34.5802 25.1142
-5.2406 34.5802 25.1142
0.0 33.2126 26.4552
-2.8472 48.9426 31.248
0.0 33.2126 26.4552
-1.4717 61.2281 33.9047
-4.0238 61.1644 33.0124
-4.0238 61.1644 33.0124
-5.0685 60.3084 33.5396
-5.0685 60.3084 33.5396
-4.4531 60.094 35.2123
-1.4717 61.2281 33.9047
-4.4531 60.094 35.2123
-4.4531 60.094 35.2123
-5.0685 60.3084 33.5396
-5.0685 60.3084 33.5396
-6.0319 58.6991 32.5019
-6.0319 58.6991 32.5019
-4.9625 58.1897 35.1297
-4.4531 60.094 35.2123
-4.9625 58.1897 35.1297
0.0 54.1479 39.9463
-1.3042 54.7211 39.3169
-1.3042 54.7211 39.3169
-1.9991 54.6185 37.9748
-1.9991 54.6185 37.9748
0.0 54.0544 38.4723
0.0 54.1479 39.9463
0.0 54.0544 38.4723
-1.0703 60.0632 42.5839
-1.2073 61.7317 38.5023
-1.2073 61.7317 38.5023
-2.6558 59.6975 38.3042
-2.6558 59.6975 38.3042
-0.9293 58.375 41.3783
-1.0703 60.0632 42.5839
-0.9293 58.375 41.3783
-4.9625 58.1897 35.1297
-6.0319 58.6991 32.5019
-6.0319 58.6991 32.5019
-4.2655 54.713 33.1236
-4.2655 54.713 33.1236
-3.1945 54.5084 35.593
-4.9625 58.1897 35.1297
-3.1945 54.5084 35.593
-3.1945 54.5084 35.593
-4.2655 54.713 33.1236
-4.2655 54.713 33.1236
0.0 53.7564 33.7791
0.0 53.7564 33.7791
0.0 53.8959 35.976
-3.1945 54.5084 35.593
0.0 53.8959 35.976
0.0 60.5208 43.2929
-1.0703 60.0632 42.5839
-1.0703 60.0632 42.5839
-0.9293 58.375 41.3783
-0.9293 58.375 41.3783
0.0 57.9318 42.0475
0.0 60.5208 43.2929
0.0 57.9318 42.0475
-4.9625 58.1897 35.1297
-3.1945 54.5084 35.593
-3.1945 54.5084 35.593
-1.9991 54.6185 37.9748
-1.9991 54.6185 37.9748
-2.894 57.4168 38.106
-4.9625 58.1897 35.1297
-2.894 57.4168 38.106
-1.0943 56.767 40.4711
-1.3042 54.7211 39.3169
-1.3042 54.7211 39.3169
0.0 54.1479 39.9463
0.0 54.1479 39.9463
0.0 56.5808 41.2973
-1.0943 56.767 40.4711
0.0 56.5808 41.2973
-1.9991 54.6185 37.9748
-3.1945 54.5084 35.593
-3.1945 54.5084 35.593
0.0 53.8959 35.976
0.0 53.8959 35.976
0.0 54.0544 38.4723
-1.9991 54.6185 37.9748
0.0 54.0544 38.4723
-1.9991 54.6185 37.9748
-1.3042 54.7211 39.3169
-1.3042 54.7211 39.3169
-1.0943 56.767 40.4711
-1.0943 56.767 40.4711
-2.894 57.4168 38.106
-1.9991 54.6185 37.9748
-2.894 57.4168 38.106
-2.6558 59.6975 38.3042
-4.4531 60.094 35.2123
-4.4531 60.094 35.2123
-4.9625 58.1897 35.1297
-4.9625 58.1897 35.1297
-2.894 57.4168 38.106
-2.6558 59.6975 38.3042
-2.894 57.4168 38.106
1.0703 60.0632 42.5839
1.2073 61.7317 38.5023
1.2073 61.7317 38.5023
0.0 62.0871 38.4269
0.0 62.0871 38.4269
0.0 60.5208 43.2929
1.0703 60.0632 42.5839
0.0 60.5208 43.2929
1.4735 62.9793 35.3937
1.6151 66.4783 33.5434
1.6151 66.4783 33.5434
0.0 66.5374 33.6997
0.0 66.5374 33.6997
0.0 63.0023 35.9347
1.4735 62.9793 35.3937
0.0 63.0023 35.9347
1.6151 66.4783 33.5434
2.0337 68.0208 30.3775
2.0337 68.0208 30.3775
0.0 68.1502 30.5125
0.0 68.1502 30.5125
0.0 66.5374 33.6997
1.6151 66.4783 33.5434
0.0 66.5374 33.6997
2.0337 68.0208 30.3775
1.4123 68.4196 25.0142
1.4123 68.4196 25.0142
0.0 68.6399 24.5492
0.0 68.6399 24.5492
0.0 68.1502 30.5125
2.0337 68.0208 30.3775
0.0 68.1502 30.5125
1.4123 68.4196 25.0142
3.3688 66.784 22.0988
3.3688 66.784 22.0988
0.0 67.5486 21.6502
0.0 67.5486 21.6502
0.0 68.6399 24.5492
1.4123 68.4196 25.0142
0.0 68.6399 24.5492
3.3688 66.784 22.0988
4.9529 61.9067 17.5324
4.9529 61.9067 17.5324
0.0 63.0286 16.264
0.0 63.0286 16.264
0.0 67.5486 21.6502
3.3688 66.784 22.0988
0.0 67.5486 21.6502
5.2209 58.7555 13.7239
5.4912 53.569 7.0532
5.4912 53.569 7.0532
0.0 55.6331 7.2884
0.0 55.6331 7.2884
0.0 59.8812 12.3276
5.2209 58.7555 13.7239
0.0 59.8812 12.3276
5.4912 53.569 7.0532
5.1013 50.5662 -4.6607
5.1013 50.5662 -4.6607
0.0 52.7779 -4.508
0.0 52.7779 -4.508
0.0 55.6331 7.2884
5.4912 53.569 7.0532
0.0 55.6331 7.2884
5.1013 50.5662 -4.6607
4.2878 49.8122 -16.8214
4.2878 49.8122 -16.8214
0.0 51.3881 -18.0608
0.0 51.3881 -18.0608
0.0 52.7779 -4.508
5.1013 50.5662 -4.6607
0.0 52.7779 -4.508
4.2878 49.8122 -16.8214
3.7827 49.8836 -26.778
3.7827 49.8836 -26.778
0.0 51.1005 -25.0311
0.0 51.1005 -25.0311
0.0 51.3881 -18.0608
4.2878 49.8122 -16.8214
0.0 51.3881 -18.0608
3.5104 46.1778 -31.3639
3.159 39.3728 -33.9397
3.159 39.3728 -33.9397
0.0 40.1842 -34.0518
0.0 40.1842 -34.0518
0.0 45.9378 -32.2941
3.5104 46.1778 -31.3639
0.0 45.9378 -32.2941
3.159 39.3728 -33.9397
1.525 31.9297 -23.0912
1.525 31.9297 -23.0912
0.0 31.3032 -23.0912
0.0 31.3032 -23.0912
0.0 40.1842 -34.0518
3.159 39.3728 -33.9397
0.0 40.1842 -34.0518
1.525 31.9297 -23.0912
3.989 28.8871 -12.8093
3.989 28.8871 -12.8093
0.0 28.2578 -12.5282
0.0 28.2578 -12.5282
0.0 31.3032 -23.0912
1.525 31.9297 -23.0912
0.0 31.3032 -23.0912
3.989 28.8871 -12.8093
6.1336 26.9997 -4.1936
6.1336 26.9997 -4.1936
0.0 25.7754 -3.9972
0.0 25.7754 -3.9972
0.0 28.2578 -12.5282
3.989 28.8871 -12.8093
0.0 28.2578 -12.5282
6.1336 26.9997 -4.1936
5.7727 23.8732 2.5201
5.7727 23.8732 2.5201
0.0 21.0551 4.3107
0.0 21.0551 4.3107
0.0 25.7754 -3.9972
6.1336 26.9997 -4.1936
0.0 25.7754 -3.9972
5.7727 23.8732 2.5201
3.0602 22.1858 11.1401
3.0602 22.1858 11.1401
0.0 21.1492 10.4294
0.0 21.1492 10.4294
0.0 21.0551 4.3107
5.7727 23.8732 2.5201
0.0 21.0551 4.3107
0.0 49.8742 32.4936
2.8472 48.9426 31.248
2.8472 48.9426 31.248
4.2655 54.713 33.1236
4.2655 54.713 33.1236
0.0 53.7564 33.7791
0.0 49.8742 32.4936
0.0 53.7564 33.7791
1.4717 61.2281 33.9047
4.0238 61.1644 33.0124
4.0238 61.1644 33.0124
4.0187 61.5824 32.8866
4.0187 61.5824 32.8866
1.7216 62.2457 33.7362
1.4717 61.2281 33.9047
1.7216 62.2457 33.7362
4.0187 61.5824 32.8866
4.5313 62.2139 33.1023
4.5313 62.2139 33.1023
1.4735 62.9793 35.3937
1.4735 62.9793 35.3937
1.7216 62.2457 33.7362
4.0187 61.5824 32.8866
1.7216 62.2457 33.7362
1.4717 61.2281 33.9047
1.2073 61.7317 38.5023
1.2073 61.7317 38.5023
2.6558 59.6975 38.3042
2.6558 59.6975 38.3042
4.4531 60.094 35.2123
1.4717 61.2281 33.9047
4.4531 60.094 35.2123
1.4735 62.9793 35.3937
1.2073 61.7317 38.5023
1.2073 61.7317 38.5023
1.4717 61.2281 33.9047
1.4717 61.2281 33.9047
1.7216 62.2457 33.7362
1.4735 62.9793 35.3937
1.7216 62.2457 33.7362
4.5313 62.2139 33.1023
5.6666 62.9149 31.4062
5.6666 62.9149 31.4062
1.6151 66.4783 33.5434
1.6151 66.4783 33.5434
1.4735 62.9793 35.3937
4.5313 62.2139 33.1023
1.4735 62.9793 35.3937
5.1702 72.6362 31.9057
5.2705 72.9039 31.0672
5.2705 72.9039 31.0672
4.4256 72.7931 31.2641
4.4256 72.7931 31.2641
4.5824 72.5148 32.1162
5.1702 72.6362 31.9057
4.5824 72.5148 32.1162
7.0413 63.7406 28.1534
5.1702 72.6362 31.9057
5.1702 72.6362 31.9057
4.5824 72.5148 32.1162
4.5824 72.5148 32.1162
2.0337 68.0208 30.3775
7.0413 63.7406 28.1534
2.0337 68.0208 30.3775
2.0337 68.0208 30.3775
4.5824 72.5148 32.1162
4.5824 72.5148 32.1162
4.4256 72.7931 31.2641
4.4256 72.7931 31.2641
1.4123 68.4196 25.0142
2.0337 68.0208 30.3775
1.4123 68.4196 25.0142
1.4123 68.4196 25.0142
4.4256 72.7931 31.2641
4.4256 72.7931 31.2641
5.2705 72.9039 31.0672
5.2705 72.9039 31.0672
7.1458 65.1197 24.9639
1.4123 68.4196 25.0142
7.1458 65.1197 24.9639
7.1458 65.1197 24.9639
5.2705 72.9039 31.0672
5.2705 72.9039 31.0672
5.1702 72.6362 31.9057
5.1702 72.6362 31.9057
7.0413 63.7406 28.1534
7.1458 65.1197 24.9639
7.0413 63.7406 28.1534
7.0413 63.7406 28.1534
8.3999 59.7912 28.0147
8.3999 59.7912 28.0147
8.2859 62.8256 23.6916
8.2859 62.8256 23.6916
7.1458 65.1197 24.9639
7.0413 63.7406 28.1534
7.1458 65.1197 24.9639
8.3999 59.7912 28.0147
7.4604 55.4711 28.1595
7.4604 55.4711 28.1595
9.0858 58.9035 21.6742
9.0858 58.9035 21.6742
8.2859 62.8256 23.6916
8.3999 59.7912 28.0147
8.2859 62.8256 23.6916
0.9293 58.375 41.3783
1.0943 56.767 40.4711
1.0943 56.767 40.4711
2.894 57.4168 38.106
2.894 57.4168 38.106
2.6558 59.6975 38.3042
0.9293 58.375 41.3783
2.6558 59.6975 38.3042
0.0 56.5808 41.2973
1.0943 56.767 40.4711
1.0943 56.767 40.4711
0.9293 58.375 41.3783
0.9293 58.375 41.3783
0.0 57.9318 42.0475
0.0 56.5808 41.2973
0.0 57.9318 42.0475
6.331 49.3805 26.4953
8.7778 45.5459 24.0163
8.7778 45.5459 24.0163
10.1576 47.3121 19.1146
10.1576 47.3121 19.1146
7.9595 53.772 18.6897
6.331 49.3805 26.4953
7.9595 53.772 18.6897
1.6151 66.4783 33.5434
5.6666 62.9149 31.4062
5.6666 62.9149 31.4062
7.0413 63.7406 28.1534
7.0413 63.7406 28.1534
2.0337 68.0208 30.3775
1.6151 66.4783 33.5434
2.0337 68.0208 30.3775
4.0238 61.1644 33.0124
5.0685 60.3084 33.5396
5.0685 60.3084 33.5396
4.5313 62.2139 33.1023
4.5313 62.2139 33.1023
4.0187 61.5824 32.8866
4.0238 61.1644 33.0124
4.0187 61.5824 32.8866
5.0685 60.3084 33.5396
6.0319 58.6991 32.5019
6.0319 58.6991 32.5019
5.6666 62.9149 31.4062
5.6666 62.9149 31.4062
4.5313 62.2139 33.1023
5.0685 60.3084 33.5396
4.5313 62.2139 33.1023
1.4735 62.9793 35.3937
0.0 63.0023 35.9347
0.0 63.0023 35.9347
0.0 62.0871 38.4269
0.0 62.0871 38.4269
1.2073 61.7317 38.5023
1.4735 62.9793 35.3937
1.2073 61.7317 38.5023
8.2859 62.8256 23.6916
3.3688 66.784 22.0988
3.3688 66.784 22.0988
1.4123 68.4196 25.0142
1.4123 68.4196 25.0142
7.1458 65.1197 24.9639
8.2859 62.8256 23.6916
7.1458 65.1197 24.9639
7.9595 53.772 18.6897
5.2209 58.7555 13.7239
5.2209 58.7555 13.7239
4.9529 61.9067 17.5324
4.9529 61.9067 17.5324
9.0858 58.9035 21.6742
7.9595 53.772 18.6897
9.0858 58.9035 21.6742
6.1336 26.9997 -4.1936
8.3955 35.9091 -4.493
8.3955 35.9091 -4.493
8.3835 36.274 1.8868
8.3835 36.274 1.8868
5.7727 23.8732 2.5201
6.1336 26.9997 -4.1936
5.7727 23.8732 2.5201
5.4912 53.569 7.0532
7.7761 48.3654 8.0857
7.7761 48.3654 8.0857
6.2355 46.9125 -3.7101
6.2355 46.9125 -3.7101
5.1013 50.5662 -4.6607
5.4912 53.569 7.0532
5.1013 50.5662 -4.6607
5.7727 23.8732 2.5201
6.1522 9.4758 7.3635
6.1522 9.4758 7.3635
5.1188 10.9534 9.8226
5.1188 10.9534 9.8226
3.0602 22.1858 11.1401
5.7727 23.8732 2.5201
3.0602 22.1858 11.1401
4.9467 23.6358 18.0086
6.1475 11.5406 13.386
6.1475 11.5406 13.386
8.0895 11.9075 13.4733
8.0895 11.9075 13.4733
8.5076 24.0759 18.1242
4.9467 23.6358 18.0086
8.5076 24.0759 18.1242
8.5076 24.0759 18.1242
8.0895 11.9075 13.4733
8.0895 11.9075 13.4733
9.1764 11.3333 9.9591
9.1764 11.3333 9.9591
10.8515 23.2784 12.5962
8.5076 24.0759 18.1242
10.8515 23.2784 12.5962
9.4023 23.0664 5.8743
8.334 10.049 7.6081
8.334 10.049 7.6081
6.1522 9.4758 7.3635
6.1522 9.4758 7.3635
5.7727 23.8732 2.5201
9.4023 23.0664 5.8743
5.7727 23.8732 2.5201
5.8983 0.0 11.4977
4.8481 0.0041 18.581
4.8481 0.0041 18.581
5.1279 1.8671 18.3129
5.1279 1.8671 18.3129
4.9938 2.2037 12.8056
5.8983 0.0 11.4977
4.9938 2.2037 12.8056
6.162 4.2247 14.5227
6.1507 3.4345 17.6784
6.1507 3.4345 17.6784
7.9759 3.4445 17.68
7.9759 3.4445 17.68
8.0264 4.3028 14.5425
6.162 4.2247 14.5227
8.0264 4.3028 14.5425
8.0264 4.3028 14.5425
7.9759 3.4445 17.68
7.9759 3.4445 17.68
8.9225 1.8836 18.3129
8.9225 1.8836 18.3129
9.065 2.2037 12.8056
8.0264 4.3028 14.5425
9.065 2.2037 12.8056
8.1736 0.0 11.4977
9.1968 0.0041 18.581
9.1968 0.0041 18.581
4.8481 0.0041 18.581
4.8481 0.0041 18.581
5.8983 0.0 11.4977
8.1736 0.0 11.4977
5.8983 0.0 11.4977
6.1507 3.4345 17.6784
5.1279 1.8671 18.3129
5.1279 1.8671 18.3129
8.9225 1.8836 18.3129
8.9225 1.8836 18.3129
7.9759 3.4445 17.68
6.1507 3.4345 17.6784
7.9759 3.4445 17.68
8.9043 35.0267 22.8604
8.7778 45.5459 24.0163
8.7778 45.5459 24.0163
6.331 49.3805 26.4953
6.331 49.3805 26.4953
5.2406 34.5802 25.1142
8.9043 35.0267 22.8604
5.2406 34.5802 25.1142
8.7778 45.5459 24.0163
8.9043 35.0267 22.8604
8.9043 35.0267 22.8604
11.4191 37.0898 17.2978
11.4191 37.0898 17.2978
10.1576 47.3121 19.1146
8.7778 45.5459 24.0163
10.1576 47.3121 19.1146
8.3835 36.274 1.8868
10.4593 37.0399 7.6051
10.4593 37.0399 7.6051
9.4023 23.0664 5.8743
9.4023 23.0664 5.8743
5.7727 23.8732 2.5201
8.3835 36.274 1.8868
5.7727 23.8732 2.5201
10.4593 37.0399 7.6051
11.4191 37.0898 17.2978
11.4191 37.0898 17.2978
10.8515 23.2784 12.5962
10.8515 23.2784 12.5962
9.4023 23.0664 5.8743
10.4593 37.0399 7.6051
9.4023 23.0664 5.8743
8.9043 35.0267 22.8604
5.2406 34.5802 25.1142
5.2406 34.5802 25.1142
4.9467 23.6358 18.0086
4.9467 23.6358 18.0086
8.5076 24.0759 18.1242
8.9043 35.0267 22.8604
8.5076 24.0759 18.1242
5.2406 34.5802 25.1142
0.0 33.2126 26.4552
0.0 33.2126 26.4552
0.0 21.5596 16.2258
0.0 21.5596 16.2258
4.9467 23.6358 18.0086
5.2406 34.5802 25.1142
4.9467 23.6358 18.0086
8.3835 36.274 1.8868
7.7761 48.3654 8.0857
7.7761 48.3654 8.0857
10.1035 46.086 12.8986
10.1035 46.086 12.8986
10.4593 37.0399 7.6051
8.3835 36.274 1.8868
10.4593 37.0399 7.6051
7.9595 53.772 18.6897
10.1576 47.3121 19.1146
10.1576 47.3121 19.1146
10.1035 46.086 12.8986
10.1035 46.086 12.8986
7.7761 48.3654 8.0857
7.9595 53.772 18.6897
7.7761 48.3654 8.0857
7.7761 48.3654 8.0857
5.4912 53.569 7.0532
5.4912 53.569 7.0532
5.2209 58.7555 13.7239
5.2209 58.7555 13.7239
7.9595 53.772 18.6897
7.7761 48.3654 8.0857
7.9595 53.772 18.6897
3.159 39.3728 -33.9397
4.208 32.5404 -35.3179
4.208 32.5404 -35.3179
2.006 25.246 -26.0957
2.006 25.246 -26.0957
1.525 31.9297 -23.0912
3.159 39.3728 -33.9397
1.525 31.9297 -23.0912
1.525 31.9297 -23.0912
2.006 25.246 -26.0957
2.006 25.246 -26.0957
4.3516 22.3232 -17.8305
4.3516 22.3232 -17.8305
3.989 28.8871 -12.8093
1.525 31.9297 -23.0912
3.989 28.8871 -12.8093
3.5104 46.1778 -31.3639
8.3267 43.395 -28.247
8.3267 43.395 -28.247
8.9037 38.8359 -32.4249
8.9037 38.8359 -32.4249
3.159 39.3728 -33.9397
3.5104 46.1778 -31.3639
3.159 39.3728 -33.9397
9.2743 42.4074 -19.7383
9.2631 38.8975 -13.6326
9.2631 38.8975 -13.6326
8.9193 29.9965 -15.945
8.9193 29.9965 -15.945
10.3919 34.5595 -23.0334
9.2743 42.4074 -19.7383
10.3919 34.5595 -23.0334
8.9037 38.8359 -32.4249
8.4491 32.7561 -34.6817
8.4491 32.7561 -34.6817
4.208 32.5404 -35.3179
4.208 32.5404 -35.3179
3.159 39.3728 -33.9397
8.9037 38.8359 -32.4249
3.159 39.3728 -33.9397
10.3919 34.5595 -23.0334
9.7046 26.9366 -26.1386
9.7046 26.9366 -26.1386
8.4491 32.7561 -34.6817
8.4491 32.7561 -34.6817
8.9037 38.8359 -32.4249
10.3919 34.5595 -23.0334
8.9037 38.8359 -32.4249
8.9193 29.9965 -15.945
8.3939 22.7467 -19.1145
8.3939 22.7467 -19.1145
9.7046 26.9366 -26.1386
9.7046 26.9366 -26.1386
10.3919 34.5595 -23.0334
8.9193 29.9965 -15.945
10.3919 34.5595 -23.0334
8.9193 29.9965 -15.945
3.989 28.8871 -12.8093
3.989 28.8871 -12.8093
4.3516 22.3232 -17.8305
4.3516 22.3232 -17.8305
8.3939 22.7467 -19.1145
8.9193 29.9965 -15.945
8.3939 22.7467 -19.1145
4.615 19.2711 -34.413
4.6677 9.6743 -38.7066
4.6677 9.6743 -38.7066
3.5255 9.9869 -35.478
3.5255 9.9869 -35.478
3.2307 17.1211 -29.3654
4.615 19.2711 -34.413
3.2307 17.1211 -29.3654
3.2307 17.1211 -29.3654
3.5255 9.9869 -35.478
3.5255 9.9869 -35.478
4.6625 10.0819 -32.1364
4.6625 10.0819 -32.1364
4.773 16.1094 -25.3457
3.2307 17.1211 -29.3654
4.773 16.1094 -25.3457
7.3679 19.3552 -34.265
6.8155 9.6812 -38.672
6.8155 9.6812 -38.672
4.6677 9.6743 -38.7066
4.6677 9.6743 -38.7066
4.615 19.2711 -34.413
7.3679 19.3552 -34.265
4.615 19.2711 -34.413
8.8503 17.3728 -29.4051
8.1155 9.9978 -35.4814
8.1155 9.9978 -35.4814
6.8155 9.6812 -38.672
6.8155 9.6812 -38.672
7.3679 19.3552 -34.265
8.8503 17.3728 -29.4051
7.3679 19.3552 -34.265
7.3837 16.2034 -25.6691
6.9462 10.0864 -32.1445
6.9462 10.0864 -32.1445
8.1155 9.9978 -35.4814
8.1155 9.9978 -35.4814
8.8503 17.3728 -29.4051
7.3837 16.2034 -25.6691
8.8503 17.3728 -29.4051
4.773 16.1094 -25.3457
4.6625 10.0819 -32.1364
4.6625 10.0819 -32.1364
6.9462 10.0864 -32.1445
6.9462 10.0864 -32.1445
7.3837 16.2034 -25.6691
4.773 16.1094 -25.3457
7.3837 16.2034 -25.6691
4.6677 9.6743 -38.7066
3.7681 0.0033 -36.8421
3.7681 0.0033 -36.8421
3.7241 1.891 -34.4107
3.7241 1.891 -34.4107
3.5255 9.9869 -35.478
4.6677 9.6743 -38.7066
3.5255 9.9869 -35.478
3.5255 9.9869 -35.478
3.7241 1.891 -34.4107
3.7241 1.891 -34.4107
4.3549 3.2387 -33.0995
4.3549 3.2387 -33.0995
4.6625 10.0819 -32.1364
3.5255 9.9869 -35.478
4.6625 10.0819 -32.1364
6.8155 9.6812 -38.672
6.8771 0.0 -36.7865
6.8771 0.0 -36.7865
3.7681 0.0033 -36.8421
3.7681 0.0033 -36.8421
4.6677 9.6743 -38.7066
6.8155 9.6812 -38.672
4.6677 9.6743 -38.7066
8.1155 9.9978 -35.4814
7.8598 1.891 -34.4107
7.8598 1.891 -34.4107
6.8771 0.0 -36.7865
6.8771 0.0 -36.7865
6.8155 9.6812 -38.672
8.1155 9.9978 -35.4814
6.8155 9.6812 -38.672
6.9462 10.0864 -32.1445
6.9602 3.2387 -33.0995
6.9602 3.2387 -33.0995
7.8598 1.891 -34.4107
7.8598 1.891 -34.4107
8.1155 9.9978 -35.4814
6.9462 10.0864 -32.1445
8.1155 9.9978 -35.4814
4.6625 10.0819 -32.1364
4.3549 3.2387 -33.0995
4.3549 3.2387 -33.0995
6.9602 3.2387 -33.0995
6.9602 3.2387 -33.0995
6.9462 10.0864 -32.1445
4.6625 10.0819 -32.1364
6.9462 10.0864 -32.1445
3.7681 0.0033 -36.8421
3.9159 0.0 -30.1141
3.9159 0.0 -30.1141
4.0291 1.8128 -30.5165
4.0291 1.8128 -30.5165
3.7241 1.891 -34.4107
3.7681 0.0033 -36.8421
3.7241 1.891 -34.4107
3.7241 1.891 -34.4107
4.0291 1.8128 -30.5165
4.0291 1.8128 -30.5165
4.4474 3.0088 -30.9967
4.4474 3.0088 -30.9967
4.3549 3.2387 -33.0995
3.7241 1.891 -34.4107
4.3549 3.2387 -33.0995
6.8771 0.0 -36.7865
7.9766 -0.0 -30.1141
7.9766 -0.0 -30.1141
3.9159 0.0 -30.1141
3.9159 0.0 -30.1141
3.7681 0.0033 -36.8421
6.8771 0.0 -36.7865
3.7681 0.0033 -36.8421
7.8598 1.891 -34.4107
7.7557 1.8411 -30.5165
7.7557 1.8411 -30.5165
7.9766 -0.0 -30.1141
7.9766 -0.0 -30.1141
6.8771 0.0 -36.7865
7.8598 1.891 -34.4107
6.8771 0.0 -36.7865
6.9602 3.2387 -33.0995
7.1373 3.0088 -30.9967
7.1373 3.0088 -30.9967
7.7557 1.8411 -30.5165
7.7557 1.8411 -30.5165
7.8598 1.891 -34.4107
6.9602 3.2387 -33.0995
7.8598 1.891 -34.4107
4.3549 3.2387 -33.0995
4.4474 3.0088 -30.9967
4.4474 3.0088 -30.9967
7.1373 3.0088 -30.9967
7.1373 3.0088 -30.9967
6.9602 3.2387 -33.0995
4.3549 3.2387 -33.0995
6.9602 3.2387 -33.0995
7.7557 1.8411 -30.5165
4.0291 1.8128 -30.5165
4.0291 1.8128 -30.5165
3.9159 0.0 -30.1141
3.9159 0.0 -30.1141
7.9766 -0.0 -30.1141
7.7557 1.8411 -30.5165
7.9766 -0.0 -30.1141
7.1373 3.0088 -30.9967
4.4474 3.0088 -30.9967
4.4474 3.0088 -30.9967
4.0291 1.8128 -30.5165
4.0291 1.8128 -30.5165
7.7557 1.8411 -30.5165
7.1373 3.0088 -30.9967
7.7557 1.8411 -30.5165
6.9155 47.0415 -25.3037
8.3267 43.395 -28.247
8.3267 43.395 -28.247
3.5104 46.1778 -31.3639
3.5104 46.1778 -31.3639
3.7827 49.8836 -26.778
6.9155 47.0415 -25.3037
3.7827 49.8836 -26.778
7.0557 46.9134 -18.4973
6.9155 47.0415 -25.3037
6.9155 47.0415 -25.3037
3.7827 49.8836 -26.778
3.7827 49.8836 -26.778
4.2878 49.8122 -16.8214
7.0557 46.9134 -18.4973
4.2878 49.8122 -16.8214
3.989 28.8871 -12.8093
7.7411 37.6322 -10.0544
7.7411 37.6322 -10.0544
8.3955 35.9091 -4.493
8.3955 35.9091 -4.493
6.1336 26.9997 -4.1936
3.989 28.8871 -12.8093
6.1336 26.9997 -4.1936
2.006 25.246 -26.0957
4.208 32.5404 -35.3179
4.208 32.5404 -35.3179
4.615 19.2711 -34.413
4.615 19.2711 -34.413
3.2307 17.1211 -29.3654
2.006 25.246 -26.0957
3.2307 17.1211 -29.3654
4.3516 22.3232 -17.8305
2.006 25.246 -26.0957
2.006 25.246 -26.0957
3.2307 17.1211 -29.3654
3.2307 17.1211 -29.3654
4.773 16.1094 -25.3457
4.3516 22.3232 -17.8305
4.773 16.1094 -25.3457
4.208 32.5404 -35.3179
8.4491 32.7561 -34.6817
8.4491 32.7561 -34.6817
7.3679 19.3552 -34.265
7.3679 19.3552 -34.265
4.615 19.2711 -34.413
4.208 32.5404 -35.3179
4.615 19.2711 -34.413
8.4491 32.7561 -34.6817
9.7046 26.9366 -26.1386
9.7046 26.9366 -26.1386
8.8503 17.3728 -29.4051
8.8503 17.3728 -29.4051
7.3679 19.3552 -34.265
8.4491 32.7561 -34.6817
7.3679 19.3552 -34.265
9.7046 26.9366 -26.1386
8.3939 22.7467 -19.1145
8.3939 22.7467 -19.1145
7.3837 16.2034 -25.6691
7.3837 16.2034 -25.6691
8.8503 17.3728 -29.4051
9.7046 26.9366 -26.1386
8.8503 17.3728 -29.4051
8.3939 22.7467 -19.1145
4.3516 22.3232 -17.8305
4.3516 22.3232 -17.8305
4.773 16.1094 -25.3457
4.773 16.1094 -25.3457
7.3837 16.2034 -25.6691
8.3939 22.7467 -19.1145
7.3837 16.2034 -25.6691
8.9037 38.8359 -32.4249
8.3267 43.395 -28.247
8.3267 43.395 -28.247
9.2743 42.4074 -19.7383
9.2743 42.4074 -19.7383
10.3919 34.5595 -23.0334
8.9037 38.8359 -32.4249
10.3919 34.5595 -23.0334
6.9155 47.0415 -25.3037
7.0557 46.9134 -18.4973
7.0557 46.9134 -18.4973
9.2743 42.4074 -19.7383
9.2743 42.4074 -19.7383
8.3267 43.395 -28.247
6.9155 47.0415 -25.3037
8.3267 43.395 -28.247
6.0319 58.6991 32.5019
8.3999 59.7912 28.0147
8.3999 59.7912 28.0147
7.0413 63.7406 28.1534
7.0413 63.7406 28.1534
5.6666 62.9149 31.4062
6.0319 58.6991 32.5019
5.6666 62.9149 31.4062
4.2655 54.713 33.1236
2.8472 48.9426 31.248
2.8472 48.9426 31.248
6.331 49.3805 26.4953
6.331 49.3805 26.4953
7.4604 55.4711 28.1595
4.2655 54.713 33.1236
7.4604 55.4711 28.1595
0.0 21.1492 10.4294
3.0602 22.1858 11.1401
3.0602 22.1858 11.1401
4.9467 23.6358 18.0086
4.9467 23.6358 18.0086
0.0 21.5596 16.2258
0.0 21.1492 10.4294
0.0 21.5596 16.2258
3.0602 22.1858 11.1401
5.1188 10.9534 9.8226
5.1188 10.9534 9.8226
6.1475 11.5406 13.386
6.1475 11.5406 13.386
4.9467 23.6358 18.0086
3.0602 22.1858 11.1401
4.9467 23.6358 18.0086
10.8515 23.2784 12.5962
9.1764 11.3333 9.9591
9.1764 11.3333 9.9591
8.334 10.049 7.6081
8.334 10.049 7.6081
9.4023 23.0664 5.8743
10.8515 23.2784 12.5962
9.4023 23.0664 5.8743
4.9938 2.2037 12.8056
5.1279 1.8671 18.3129
5.1279 1.8671 18.3129
6.1507 3.4345 17.6784
6.1507 3.4345 17.6784
6.162 4.2247 14.5227
4.9938 2.2037 12.8056
6.162 4.2247 14.5227
9.065 2.2037 12.8056
8.9225 1.8836 18.3129
8.9225 1.8836 18.3129
9.1968 0.0041 18.581
9.1968 0.0041 18.581
8.1736 0.0 11.4977
9.065 2.2037 12.8056
8.1736 0.0 11.4977
8.9225 1.8836 18.3129
5.1279 1.8671 18.3129
5.1279 1.8671 18.3129
4.8481 0.0041 18.581
4.8481 0.0041 18.581
9.1968 0.0041 18.581
8.9225 1.8836 18.3129
9.1968 0.0041 18.581
10.8515 23.2784 12.5962
11.4191 37.0898 17.2978
11.4191 37.0898 17.2978
8.9043 35.0267 22.8604
8.9043 35.0267 22.8604
8.5076 24.0759 18.1242
10.8515 23.2784 12.5962
8.5076 24.0759 18.1242
10.1576 47.3121 19.1146
11.4191 37.0898 17.2978
11.4191 37.0898 17.2978
10.4593 37.0399 7.6051
10.4593 37.0399 7.6051
10.1035 46.086 12.8986
10.1576 47.3121 19.1146
10.1035 46.086 12.8986
3.7827 49.8836 -26.778
5.3563 53.1964 -29.7765
5.3563 53.1964 -29.7765
0.0 53.1964 -26.3909
0.0 53.1964 -26.3909
0.0 51.1005 -25.0311
3.7827 49.8836 -26.778
0.0 51.1005 -25.0311
3.5104 46.1778 -31.3639
4.726 50.4054 -34.3469
4.726 50.4054 -34.3469
5.3563 53.1964 -29.7765
5.3563 53.1964 -29.7765
3.7827 49.8836 -26.778
3.5104 46.1778 -31.3639
3.7827 49.8836 -26.778
0.0 45.9378 -32.2941
0.0 50.4054 -35.7716
0.0 50.4054 -35.7716
4.726 50.4054 -34.3469
4.726 50.4054 -34.3469
3.5104 46.1778 -31.3639
0.0 45.9378 -32.2941
3.5104 46.1778 -31.3639
4.726 50.4054 -34.3469
4.9817 59.4355 -36.2693
4.9817 59.4355 -36.2693
5.646 57.4789 -29.5361
5.646 57.4789 -29.5361
5.3563 53.1964 -29.7765
4.726 50.4054 -34.3469
5.3563 53.1964 -29.7765
0.0 50.4054 -35.7716
0.0 60.0403 -37.6438
0.0 60.0403 -37.6438
4.9817 59.4355 -36.2693
4.9817 59.4355 -36.2693
4.726 50.4054 -34.3469
0.0 50.4054 -35.7716
4.726 50.4054 -34.3469
5.3563 53.1964 -29.7765
5.646 57.4789 -29.5361
5.646 57.4789 -29.5361
0.0 56.0416 -26.2696
0.0 56.0416 -26.2696
0.0 53.1964 -26.3909
5.3563 53.1964 -29.7765
0.0 53.1964 -26.3909
4.9817 59.4355 -36.2693
5.0256 66.4289 -30.4633
5.0256 66.4289 -30.4633
5.6959 60.7511 -26.1066
5.6959 60.7511 -26.1066
5.646 57.4789 -29.5361
4.9817 59.4355 -36.2693
5.646 57.4789 -29.5361
0.0 60.0403 -37.6438
0.0 67.6308 -31.3855
0.0 67.6308 -31.3855
5.0256 66.4289 -30.4633
5.0256 66.4289 -30.4633
4.9817 59.4355 -36.2693
0.0 60.0403 -37.6438
4.9817 59.4355 -36.2693
5.646 57.4789 -29.5361
5.6959 60.7511 -26.1066
5.6959 60.7511 -26.1066
0.0 57.8949 -23.9149
0.0 57.8949 -23.9149
0.0 56.0416 -26.2696
5.646 57.4789 -29.5361
0.0 56.0416 -26.2696
5.0256 66.4289 -30.4633
4.9337 68.5099 -20.8712
4.9337 68.5099 -20.8712
5.5917 61.4858 -21.0244
5.5917 61.4858 -21.0244
5.6959 60.7511 -26.1066
5.0256 66.4289 -30.4633
5.6959 60.7511 -26.1066
0.0 67.6308 -31.3855
0.0 69.9968 -20.8387
0.0 69.9968 -20.8387
4.9337 68.5099 -20.8712
4.9337 68.5099 -20.8712
5.0256 66.4289 -30.4633
0.0 67.6308 -31.3855
5.0256 66.4289 -30.4633
5.6959 60.7511 -26.1066
5.5917 61.4858 -21.0244
5.5917 61.4858 -21.0244
0.0 57.9523 -21.1015
0.0 57.9523 -21.1015
0.0 57.8949 -23.9149
5.6959 60.7511 -26.1066
0.0 57.8949 -23.9149
4.9337 68.5099 -20.8712
3.5441 62.5901 -12.6061
3.5441 62.5901 -12.6061
4.0168 59.3177 -16.4484
4.0168 59.3177 -16.4484
5.5917 61.4858 -21.0244
4.9337 68.5099 -20.8712
5.5917 61.4858 -21.0244
0.0 69.9968 -20.8387
0.0 63.2828 -11.7927
0.0 63.2828 -11.7927
3.5441 62.5901 -12.6061
3.5441 62.5901 -12.6061
4.9337 68.5099 -20.8712
0.0 69.9968 -20.8387
4.9337 68.5099 -20.8712
5.5917 61.4858 -21.0244
4.0168 59.3177 -16.4484
4.0168 59.3177 -16.4484
0.0 57.6715 -18.3813
0.0 57.6715 -18.3813
0.0 57.9523 -21.1015
5.5917 61.4858 -21.0244
0.0 57.9523 -21.1015
3.5441 62.5901 -12.6061
0.6265 54.3962 -14.5806
0.6265 54.3962 -14.5806
0.71 54.1777 -15.3476
0.71 54.1777 -15.3476
4.0168 59.3177 -16.4484
3.5441 62.5901 -12.6061
4.0168 59.3177 -16.4484
0.0 63.2828 -11.7927
-0.0 54.2179 -14.285
-0.0 54.2179 -14.285
0.6265 54.3962 -14.5806
0.6265 54.3962 -14.5806
3.5441 62.5901 -12.6061
0.0 63.2828 -11.7927
3.5441 62.5901 -12.6061
4.0168 59.3177 -16.4484
0.71 54.1777 -15.3476
0.71 54.1777 -15.3476
-0.0 53.8865 -15.4218
-0.0 53.8865 -15.4218
0.0 57.6715 -18.3813
4.0168 59.3177 -16.4484
0.0 57.6715 -18.3813
-0.0 54.2179 -14.285
-0.0 53.8865 -15.4218
-0.0 53.8865 -15.4218
0.71 54.1777 -15.3476
0.71 54.1777 -15.3476
0.6265 54.3962 -14.5806
-0.0 54.2179 -14.285
0.6265 54.3962 -14.5806
0.0 63.0286 16.264
4.9529 61.9067 17.5324
4.9529 61.9067 17.5324
5.2209 58.7555 13.7239
5.2209 58.7555 13.7239
0.0 59.8812 12.3276
0.0 63.0286 16.264
0.0 59.8812 12.3276
9.0858 58.9035 21.6742
7.4604 55.4711 28.1595
7.4604 55.4711 28.1595
6.331 49.3805 26.4953
6.331 49.3805 26.4953
7.9595 53.772 18.6897
9.0858 58.9035 21.6742
7.9595 53.772 18.6897
9.0858 58.9035 21.6742
4.9529 61.9067 17.5324
4.9529 61.9067 17.5324
3.3688 66.784 22.0988
3.3688 66.784 22.0988
8.2859 62.8256 23.6916
9.0858 58.9035 21.6742
8.2859 62.8256 23.6916
4.2655 54.713 33.1236
7.4604 55.4711 28.1595
7.4604 55.4711 28.1595
8.3999 59.7912 28.0147
8.3999 59.7912 28.0147
6.0319 58.6991 32.5019
4.2655 54.713 33.1236
6.0319 58.6991 32.5019
9.2631 38.8975 -13.6326
7.7411 37.6322 -10.0544
7.7411 37.6322 -10.0544
3.989 28.8871 -12.8093
3.989 28.8871 -12.8093
8.9193 29.9965 -15.945
9.2631 38.8975 -13.6326
8.9193 29.9965 -15.945
7.0557 46.9134 -18.4973
7.7813 45.2165 -13.8001
7.7813 45.2165 -13.8001
9.2631 38.8975 -13.6326
9.2631 38.8975 -13.6326
9.2743 42.4074 -19.7383
7.0557 46.9134 -18.4973
9.2743 42.4074 -19.7383
7.7411 37.6322 -10.0544
9.2631 38.8975 -13.6326
9.2631 38.8975 -13.6326
7.7813 45.2165 -13.8001
7.7813 45.2165 -13.8001
6.5323 46.0398 -11.4981
7.7411 37.6322 -10.0544
6.5323 46.0398 -11.4981
6.2355 46.9125 -3.7101
6.5323 46.0398 -11.4981
6.5323 46.0398 -11.4981
4.2878 49.8122 -16.8214
4.2878 49.8122 -16.8214
5.1013 50.5662 -4.6607
6.2355 46.9125 -3.7101
5.1013 50.5662 -4.6607
6.5323 46.0398 -11.4981
7.7813 45.2165 -13.8001
7.7813 45.2165 -13.8001
7.0557 46.9134 -18.4973
7.0557 46.9134 -18.4973
4.2878 49.8122 -16.8214
6.5323 46.0398 -11.4981
4.2878 49.8122 -16.8214
6.5323 46.0398 -11.4981
6.2355 46.9125 -3.7101
6.2355 46.9125 -3.7101
8.3955 35.9091 -4.493
8.3955 35.9091 -4.493
7.7411 37.6322 -10.0544
6.5323 46.0398 -11.4981
7.7411 37.6322 -10.0544
6.2355 46.9125 -3.7101
7.7761 48.3654 8.0857
7.7761 48.3654 8.0857
8.3835 36.274 1.8868
8.3835 36.274 1.8868
8.3955 35.9091 -4.493
6.2355 46.9125 -3.7101
8.3955 35.9091 -4.493
2.8472 48.9426 31.248
0.0 33.2126 26.4552
0.0 33.2126 26.4552
5.2406 34.5802 25.1142
5.2406 34.5802 25.1142
6.331 49.3805 26.4953
2.8472 48.9426 31.248
6.331 49.3805 26.4953
1.4717 61.2281 33.9047
4.4531 60.094 35.2123
4.4531 60.094 35.2123
5.0685 60.3084 33.5396
5.0685 60.3084 33.5396
4.0238 61.1644 33.0124
1.4717 61.2281 33.9047
4.0238 61.1644 33.0124
4.4531 60.094 35.2123
4.9625 58.1897 35.1297
4.9625 58.1897 35.1297
6.0319 58.6991 32.5019
6.0319 58.6991 32.5019
5.0685 60.3084 33.5396
4.4531 60.094 35.2123
5.0685 60.3084 33.5396
0.0 54.1479 39.9463
0.0 54.0544 38.4723
0.0 54.0544 38.4723
1.9991 54.6185 37.9748
1.9991 54.6185 37.9748
1.3042 54.7211 39.3169
0.0 54.1479 39.9463
1.3042 54.7211 39.3169
1.0703 60.0632 42.5839
0.9293 58.375 41.3783
0.9293 58.375 41.3783
2.6558 59.6975 38.3042
2.6558 59.6975 38.3042
1.2073 61.7317 38.5023
1.0703 60.0632 42.5839
1.2073 61.7317 38.5023
4.9625 58.1897 35.1297
3.1945 54.5084 35.593
3.1945 54.5084 35.593
4.2655 54.713 33.1236
4.2655 54.713 33.1236
6.0319 58.6991 32.5019
4.9625 58.1897 35.1297
6.0319 58.6991 32.5019
3.1945 54.5084 35.593
0.0 53.8959 35.976
0.0 53.8959 35.976
0.0 53.7564 33.7791
0.0 53.7564 33.7791
4.2655 54.713 33.1236
3.1945 54.5084 35.593
4.2655 54.713 33.1236
0.0 60.5208 43.2929
0.0 57.9318 42.0475
0.0 57.9318 42.0475
0.9293 58.375 41.3783
0.9293 58.375 41.3783
1.0703 60.0632 42.5839
0.0 60.5208 43.2929
1.0703 60.0632 42.5839
4.9625 58.1897 35.1297
2.894 57.4168 38.106
2.894 57.4168 38.106
1.9991 54.6185 37.9748
1.9991 54.6185 37.9748
3.1945 54.5084 35.593
4.9625 58.1897 35.1297
3.1945 54.5084 35.593
1.0943 56.767 40.4711
0.0 56.5808 41.2973
0.0 56.5808 41.2973
0.0 54.1479 39.9463
0.0 54.1479 39.9463
1.3042 54.7211 39.3169
1.0943 56.767 40.4711
1.3042 54.7211 39.3169
1.9991 54.6185 37.9748
0.0 54.0544 38.4723
0.0 54.0544 38.4723
0.0 53.8959 35.976
0.0 53.8959 35.976
3.1945 54.5084 35.593
1.9991 54.6185 37.9748
3.1945 54.5084 35.593
1.9991 54.6185 37.9748
2.894 57.4168 38.106
2.894 57.4168 38.106
1.0943 56.767 40.4711
1.0943 56.767 40.4711
1.3042 54.7211 39.3169
1.9991 54.6185 37.9748
1.3042 54.7211 39.3169
2.6558 59.6975 38.3042
2.894 57.4168 38.106
2.894 57.4168 38.106
4.9625 58.1897 35.1297
4.9625 58.1897 35.1297
4.4531 60.094 35.2123
2.6558 59.6975 38.3042
4.4531 60.094 35.2123
-5.1188 10.9534 9.8226
-4.9938 2.2037 12.8056
-4.9938 2.2037 12.8056
-5.8983 0.0 11.4977
-5.8983 0.0 11.4977
-6.1522 9.4758 7.3635
-5.1188 10.9534 9.8226
-6.1522 9.4758 7.3635
-8.0895 11.9075 13.4733
-8.0264 4.3028 14.5425
-8.0264 4.3028 14.5425
-6.162 4.2247 14.5227
-6.162 4.2247 14.5227
-6.1475 11.5406 13.386
-8.0895 11.9075 13.4733
-6.1475 11.5406 13.386
-9.1764 11.3333 9.9591
-9.065 2.2037 12.8056
-9.065 2.2037 12.8056
-8.0264 4.3028 14.5425
-8.0264 4.3028 14.5425
-8.0895 11.9075 13.4733
-9.1764 11.3333 9.9591
-8.0895 11.9075 13.4733
-6.1522 9.4758 7.3635
-5.8983 0.0 11.4977
-5.8983 0.0 11.4977
-8.1736 0.0 11.4977
-8.1736 0.0 11.4977
-8.334 10.049 7.6081
-6.1522 9.4758 7.3635
-8.334 10.049 7.6081
-6.1475 11.5406 13.386
-6.162 4.2247 14.5227
-6.162 4.2247 14.5227
-4.9938 2.2037 12.8056
-4.9938 2.2037 12.8056
-5.1188 10.9534 9.8226
-6.1475 11.5406 13.386
-5.1188 10.9534 9.8226
-8.334 10.049 7.6081
-8.1736 0.0 11.4977
-8.1736 0.0 11.4977
-9.065 2.2037 12.8056
-9.065 2.2037 12.8056
-9.1764 11.3333 9.9591
-8.334 10.049 7.6081
-9.1764 11.3333 9.9591
6.1522 9.4758 7.3635
5.8983 0.0 11.4977
5.8983 0.0 11.4977
4.9938 2.2037 12.8056
4.9938 2.2037 12.8056
5.1188 10.9534 9.8226
6.1522 9.4758 7.3635
5.1188 10.9534 9.8226
6.1475 11.5406 13.386
6.162 4.2247 14.5227
6.162 4.2247 14.5227
8.0264 4.3028 14.5425
8.0264 4.3028 14.5425
8.0895 11.9075 13.4733
6.1475 11.5406 13.386
8.0895 11.9075 13.4733
8.0895 11.9075 13.4733
8.0264 4.3028 14.5425
8.0264 4.3028 14.5425
9.065 2.2037 12.8056
9.065 2.2037 12.8056
9.1764 11.3333 9.9591
8.0895 11.9075 13.4733
9.1764 11.3333 9.9591
8.334 10.049 7.6081
8.1736 0.0 11.4977
8.1736 0.0 11.4977
5.8983 0.0 11.4977
5.8983 0.0 11.4977
6.1522 9.4758 7.3635
8.334 10.049 7.6081
6.1522 9.4758 7.3635
5.1188 10.9534 9.8226
4.9938 2.2037 12.8056
4.9938 2.2037 12.8056
6.162 4.2247 14.5227
6.162 4.2247 14.5227
6.1475 11.5406 13.386
5.1188 10.9534 9.8226
6.1475 11.5406 13.386
9.1764 11.3333 9.9591
9.065 2.2037 12.8056
9.065 2.2037 12.8056
8.1736 0.0 11.4977
8.1736 0.0 11.4977
8.334 10.049 7.6081
9.1764 11.3333 9.9591
8.334 10.049 7.6081
