508
1968
0.0 0.0 0.0
0 0 0
43.75 16.406200000000002 76.5625
-43.75 16.406200000000002 76.5625
50.0 9.375 68.75
-50.0 9.375 68.75
54.6875 5.4688 57.8125
-54.6875 5.4688 57.8125
35.1562 -2.3438 61.718799999999995
-35.1562 -2.3438 61.718799999999995
35.1562 3.125 71.875
-35.1562 3.125 71.875
35.1562 13.281200000000002 78.125
-35.1562 13.281200000000002 78.125
27.3438 16.406200000000002 79.6875
-27.3438 16.406200000000002 79.6875
20.3125 9.375 74.2188
-20.3125 9.375 74.2188
15.625 5.4688 64.8438
-15.625 5.4688 64.8438
7.8125 24.218799999999998 65.625
-7.8125 24.218799999999998 65.625
14.0625 24.218799999999998 74.2188
-14.0625 24.218799999999998 74.2188
24.218799999999998 24.218799999999998 79.6875
-24.218799999999998 24.218799999999998 79.6875
27.3438 32.8125 79.6875
-27.3438 32.8125 79.6875
20.3125 39.0625 74.2188
-20.3125 39.0625 74.2188
15.625 43.75 64.8438
-15.625 43.75 64.8438
35.1562 51.5625 61.718799999999995
-35.1562 51.5625 61.718799999999995
35.1562 45.3125 71.875
-35.1562 45.3125 71.875
35.1562 35.9375 78.125
-35.1562 35.9375 78.125
43.75 32.8125 76.5625
-43.75 32.8125 76.5625
50.0 39.0625 68.75
-50.0 39.0625 68.75
54.6875 43.75 57.8125
-54.6875 43.75 57.8125
62.5 24.218799999999998 56.25
-62.5 24.218799999999998 56.25
56.25 24.218799999999998 67.1875
-56.25 24.218799999999998 67.1875
46.875 24.218799999999998 75.7812
-46.875 24.218799999999998 75.7812
47.6562 24.218799999999998 77.3438
-47.6562 24.218799999999998 77.3438
44.5312 33.5938 78.125
-44.5312 33.5938 78.125
35.1562 37.5 80.4688
-35.1562 37.5 80.4688
26.5625 33.5938 82.0312
-26.5625 33.5938 82.0312
22.656200000000002 24.218799999999998 82.0312
-22.656200000000002 24.218799999999998 82.0312
26.5625 15.625 82.0312
-26.5625 15.625 82.0312
35.1562 24.218799999999998 82.8125
-35.1562 24.218799999999998 82.8125
35.1562 11.7188 80.4688
-35.1562 11.7188 80.4688
44.5312 15.625 78.125
-44.5312 15.625 78.125
0.0 42.9688 74.2188
0.0 35.1562 82.0312
0.0 -67.9688 73.4375
0.0 -32.0312 78.125
0.0 -18.75 79.6875
0.0 -77.3438 71.875
0.0 40.625 60.156200000000005
0.0 57.031200000000005 57.031200000000005
0.0 89.8438 -54.6875
0.0 56.25 -85.1562
0.0 7.0312 -82.8125
0.0 -38.2812 -35.1562
20.3125 -18.75 56.25
-20.3125 -18.75 56.25
31.25 -43.75 57.031200000000005
-31.25 -43.75 57.031200000000005
35.1562 -69.5312 57.031200000000005
-35.1562 -69.5312 57.031200000000005
36.7188 -89.0625 53.125
-36.7188 -89.0625 53.125
32.8125 -94.5312 52.343799999999995
-32.8125 -94.5312 52.343799999999995
17.968799999999998 -96.875 55.468799999999995
-17.968799999999998 -96.875 55.468799999999995
0.0 -98.4375 57.8125
43.75 -14.0625 53.125
-43.75 -14.0625 53.125
63.281200000000005 -3.9062 53.906200000000005
-63.281200000000005 -3.9062 53.906200000000005
82.8125 14.843799999999998 44.5312
-82.8125 14.843799999999998 44.5312
85.9375 42.9688 59.375
-85.9375 42.9688 59.375
71.0938 48.4375 62.5
-71.0938 48.4375 62.5
49.2188 60.156200000000005 68.75
-49.2188 60.156200000000005 68.75
32.0312 75.7812 73.4375
-32.0312 75.7812 73.4375
15.625 71.875 75.7812
-15.625 71.875 75.7812
6.25 49.2188 75.0
-6.25 49.2188 75.0
16.406200000000002 41.4062 77.3438
-16.406200000000002 41.4062 77.3438
12.5 30.4688 76.5625
-12.5 30.4688 76.5625
20.3125 9.375 74.2188
-20.3125 9.375 74.2188
37.5 1.5625 70.3125
-37.5 1.5625 70.3125
49.2188 6.25 67.1875
-49.2188 6.25 67.1875
62.5 18.75 64.8438
-62.5 18.75 64.8438
64.0625 29.6875 64.8438
-64.0625 29.6875 64.8438
60.156200000000005 37.5 66.4062
-60.156200000000005 37.5 66.4062
42.9688 43.75 71.875
-42.9688 43.75 71.875
25.0 46.875 75.7812
-25.0 46.875 75.7812
0.0 -76.5625 73.4375
10.9375 -71.875 73.4375
-10.9375 -71.875 73.4375
11.7188 -83.5938 71.0938
-11.7188 -83.5938 71.0938
6.25 -88.2812 69.5312
-6.25 -88.2812 69.5312
0.0 -89.0625 68.75
0.0 -19.531200000000002 75.0
0.0 -14.0625 74.2188
10.1562 -14.843799999999998 74.2188
-10.1562 -14.843799999999998 74.2188
12.5 -22.656200000000002 75.0
-12.5 -22.656200000000002 75.0
8.5938 -28.9062 74.2188
-8.5938 -28.9062 74.2188
39.8438 -4.6875 67.1875
-39.8438 -4.6875 67.1875
61.718799999999995 5.4688 62.5
-61.718799999999995 5.4688 62.5
72.6562 20.3125 60.156200000000005
-72.6562 20.3125 60.156200000000005
74.2188 37.5 65.625
-74.2188 37.5 65.625
68.75 41.4062 72.6562
-68.75 41.4062 72.6562
43.75 54.6875 79.6875
-43.75 54.6875 79.6875
31.25 64.0625 83.5938
-31.25 64.0625 83.5938
20.3125 61.718799999999995 85.1562
-20.3125 61.718799999999995 85.1562
10.1562 42.9688 84.375
-10.1562 42.9688 84.375
12.5 -10.1562 81.25
-12.5 -10.1562 81.25
21.093799999999998 -44.5312 71.0938
-21.093799999999998 -44.5312 71.0938
25.0 -70.3125 68.75
-25.0 -70.3125 68.75
26.5625 -82.0312 66.4062
-26.5625 -82.0312 66.4062
23.4375 -91.4062 63.281200000000005
-23.4375 -91.4062 63.281200000000005
16.406200000000002 -92.9688 63.281200000000005
-16.406200000000002 -92.9688 63.281200000000005
0.0 -94.5312 64.0625
0.0 4.6875 72.6562
0.0 21.093799999999998 76.5625
32.8125 47.6562 74.2188
-32.8125 47.6562 74.2188
16.406200000000002 14.0625 75.0
-16.406200000000002 14.0625 75.0
13.281200000000002 21.093799999999998 75.7812
-13.281200000000002 21.093799999999998 75.7812
11.7188 -68.75 73.4375
-11.7188 -68.75 73.4375
7.8125 -44.5312 75.0
-7.8125 -44.5312 75.0
0.0 -44.5312 75.0
0.0 -32.8125 74.2188
9.375 -27.3438 78.125
-9.375 -27.3438 78.125
13.281200000000002 -22.656200000000002 79.6875
-13.281200000000002 -22.656200000000002 79.6875
10.9375 -13.281200000000002 78.125
-10.9375 -13.281200000000002 78.125
3.9062 -12.5 78.125
-3.9062 -12.5 78.125
0.0 -20.3125 82.8125
4.6875 -14.843799999999998 81.25
-4.6875 -14.843799999999998 81.25
9.375 -15.625 81.25
-9.375 -15.625 81.25
10.9375 -22.656200000000002 82.8125
-10.9375 -22.656200000000002 82.8125
7.8125 -25.0 80.4688
-7.8125 -25.0 80.4688
0.0 -28.9062 80.4688
25.7812 -31.25 55.468799999999995
-25.7812 -31.25 55.468799999999995
16.406200000000002 -24.218799999999998 71.0938
-16.406200000000002 -24.218799999999998 71.0938
17.968799999999998 -31.25 71.0938
-17.968799999999998 -31.25 71.0938
23.4375 -25.0 55.468799999999995
-23.4375 -25.0 55.468799999999995
0.0 -87.5 68.75
4.6875 -86.7188 68.75
-4.6875 -86.7188 68.75
9.375 -82.0312 71.0938
-9.375 -82.0312 71.0938
9.375 -74.2188 72.6562
-9.375 -74.2188 72.6562
0.0 -78.125 65.625
9.375 -75.0 66.4062
-9.375 -75.0 66.4062
9.375 -81.25 64.0625
-9.375 -81.25 64.0625
4.6875 -85.1562 63.281200000000005
-4.6875 -85.1562 63.281200000000005
0.0 -85.9375 63.281200000000005
17.1875 21.875 78.125
-17.1875 21.875 78.125
18.75 15.625 77.3438
-18.75 15.625 77.3438
33.5938 42.9688 75.7812
-33.5938 42.9688 75.7812
27.3438 42.1875 77.3438
-27.3438 42.1875 77.3438
42.1875 39.8438 77.3438
-42.1875 39.8438 77.3438
56.25 35.1562 69.5312
-56.25 35.1562 69.5312
58.593799999999995 28.9062 68.75
-58.593799999999995 28.9062 68.75
57.8125 19.531200000000002 67.9688
-57.8125 19.531200000000002 67.9688
47.6562 10.1562 71.875
-47.6562 10.1562 71.875
37.5 6.25 74.2188
-37.5 6.25 74.2188
22.656200000000002 10.9375 78.125
-22.656200000000002 10.9375 78.125
17.968799999999998 29.6875 78.125
-17.968799999999998 29.6875 78.125
21.093799999999998 37.5 78.125
-21.093799999999998 37.5 78.125
23.4375 35.9375 75.7812
-23.4375 35.9375 75.7812
19.531200000000002 29.6875 75.7812
-19.531200000000002 29.6875 75.7812
24.218799999999998 12.5 75.7812
-24.218799999999998 12.5 75.7812
37.5 8.5938 72.6562
-37.5 8.5938 72.6562
46.0938 11.7188 70.3125
-46.0938 11.7188 70.3125
54.6875 21.093799999999998 67.1875
-54.6875 21.093799999999998 67.1875
55.468799999999995 28.125 67.1875
-55.468799999999995 28.125 67.1875
53.125 33.5938 67.9688
-53.125 33.5938 67.9688
41.4062 39.0625 75.0
-41.4062 39.0625 75.0
28.125 39.8438 76.5625
-28.125 39.8438 76.5625
33.5938 40.625 75.0
-33.5938 40.625 75.0
20.3125 17.1875 75.0
-20.3125 17.1875 75.0
19.531200000000002 22.656200000000002 75.0
-19.531200000000002 22.656200000000002 75.0
10.9375 46.0938 60.9375
-10.9375 46.0938 60.9375
19.531200000000002 66.4062 61.718799999999995
-19.531200000000002 66.4062 61.718799999999995
33.5938 68.75 59.375
-33.5938 68.75 59.375
48.4375 55.468799999999995 55.468799999999995
-48.4375 55.468799999999995 55.468799999999995
67.9688 45.3125 49.2188
-67.9688 45.3125 49.2188
79.6875 40.625 46.0938
-79.6875 40.625 46.0938
77.3438 16.406200000000002 37.5
-77.3438 16.406200000000002 37.5
60.156200000000005 0.0 41.4062
-60.156200000000005 0.0 41.4062
43.75 -9.375 46.875
-43.75 -9.375 46.875
0.0 89.8438 28.9062
0.0 98.4375 -7.8125
0.0 -19.531200000000002 -67.1875
0.0 -46.0938 18.75
0.0 -97.6562 46.0938
0.0 -80.4688 34.375
0.0 -57.031200000000005 32.0312
0.0 -48.4375 28.125
85.1562 23.4375 5.4688
-85.1562 23.4375 5.4688
85.9375 32.0312 -4.6875
-85.9375 32.0312 -4.6875
77.3438 26.5625 -43.75
-77.3438 26.5625 -43.75
46.0938 43.75 -70.3125
-46.0938 43.75 -70.3125
73.4375 -4.6875 7.0312
-73.4375 -4.6875 7.0312
59.375 -12.5 -16.406200000000002
-59.375 -12.5 -16.406200000000002
64.0625 -0.7812 -42.9688
-64.0625 -0.7812 -42.9688
33.5938 5.4688 -66.4062
-33.5938 5.4688 -66.4062
23.4375 -35.1562 40.625
-23.4375 -35.1562 40.625
17.968799999999998 -41.4062 25.7812
-17.968799999999998 -41.4062 25.7812
28.9062 -71.0938 38.2812
-28.9062 -71.0938 38.2812
25.0 -50.0 39.0625
-25.0 -50.0 39.0625
32.8125 -91.4062 39.8438
-32.8125 -91.4062 39.8438
14.0625 -75.7812 36.7188
-14.0625 -75.7812 36.7188
12.5 -53.906200000000005 35.9375
-12.5 -53.906200000000005 35.9375
16.406200000000002 -94.5312 43.75
-16.406200000000002 -94.5312 43.75
21.875 -28.125 42.9688
-21.875 -28.125 42.9688
21.093799999999998 -22.656200000000002 46.875
-21.093799999999998 -22.656200000000002 46.875
20.3125 -17.1875 50.0
-20.3125 -17.1875 50.0
21.093799999999998 -39.0625 16.406200000000002
-21.093799999999998 -39.0625 16.406200000000002
29.6875 -31.25 -26.5625
-29.6875 -31.25 -26.5625
34.375 -14.843799999999998 -53.906200000000005
-34.375 -14.843799999999998 -53.906200000000005
45.3125 86.7188 -38.2812
-45.3125 86.7188 -38.2812
45.3125 92.9688 -7.0312
-45.3125 92.9688 -7.0312
45.3125 85.1562 23.4375
-45.3125 85.1562 23.4375
46.0938 52.343799999999995 42.9688
-46.0938 52.343799999999995 42.9688
72.6562 40.625 33.5938
-72.6562 40.625 33.5938
63.281200000000005 45.3125 28.125
-63.281200000000005 45.3125 28.125
64.0625 70.3125 5.4688
-64.0625 70.3125 5.4688
79.6875 56.25 12.5
-79.6875 56.25 12.5
79.6875 61.718799999999995 -11.7188
-79.6875 61.718799999999995 -11.7188
64.0625 75.0 -19.531200000000002
-64.0625 75.0 -19.531200000000002
64.0625 67.9688 -44.5312
-64.0625 67.9688 -44.5312
79.6875 53.906200000000005 -35.9375
-79.6875 53.906200000000005 -35.9375
61.718799999999995 32.8125 -58.593799999999995
-61.718799999999995 32.8125 -58.593799999999995
48.4375 2.3438 -54.6875
-48.4375 2.3438 -54.6875
82.0312 32.8125 -20.3125
-82.0312 32.8125 -20.3125
40.625 -17.1875 14.843799999999998
-40.625 -17.1875 14.843799999999998
42.9688 -19.531200000000002 -21.093799999999998
-42.9688 -19.531200000000002 -21.093799999999998
89.0625 40.625 -23.4375
-89.0625 40.625 -23.4375
77.3438 -14.0625 -12.5
-77.3438 -14.0625 -12.5
103.9062 -10.1562 -32.8125
-103.9062 -10.1562 -32.8125
128.125 5.4688 -42.9688
-128.125 5.4688 -42.9688
135.15619999999998 32.0312 -42.1875
-135.15619999999998 32.0312 -42.1875
123.4375 50.781200000000005 -42.1875
-123.4375 50.781200000000005 -42.1875
102.3438 47.6562 -31.25
-102.3438 47.6562 -31.25
101.5625 41.4062 -28.9062
-101.5625 41.4062 -28.9062
118.75 43.75 -39.0625
-118.75 43.75 -39.0625
126.5625 28.9062 -40.625
-126.5625 28.9062 -40.625
121.0938 7.8125 -40.625
-121.0938 7.8125 -40.625
103.125 -3.9062 -30.4688
-103.125 -3.9062 -30.4688
82.8125 -7.0312 -13.281200000000002
-82.8125 -7.0312 -13.281200000000002
92.1875 35.9375 -21.875
-92.1875 35.9375 -21.875
94.5312 30.4688 -28.9062
-94.5312 30.4688 -28.9062
88.2812 -2.3438 -21.093799999999998
-88.2812 -2.3438 -21.093799999999998
103.9062 0.0 -36.7188
-103.9062 0.0 -36.7188
118.75 9.375 -44.5312
-118.75 9.375 -44.5312
123.4375 25.0 -44.5312
-123.4375 25.0 -44.5312
117.1875 35.9375 -43.75
-117.1875 35.9375 -43.75
102.3438 34.375 -35.9375
-102.3438 34.375 -35.9375
84.375 28.9062 -21.093799999999998
-84.375 28.9062 -21.093799999999998
83.5938 17.1875 -27.3438
-83.5938 17.1875 -27.3438
75.7812 9.375 -27.3438
-75.7812 9.375 -27.3438
82.0312 8.5938 -27.3438
-82.0312 8.5938 -27.3438
84.375 1.5625 -27.3438
-84.375 1.5625 -27.3438
81.25 -1.5625 -27.3438
-81.25 -1.5625 -27.3438
72.6562 0.0 -7.0312
-72.6562 0.0 -7.0312
71.875 -2.3438 -17.1875
-71.875 -2.3438 -17.1875
71.875 3.9062 -18.75
-71.875 3.9062 -18.75
79.6875 20.3125 -21.093799999999998
-79.6875 20.3125 -21.093799999999998
89.0625 24.218799999999998 -26.5625
-89.0625 24.218799999999998 -26.5625
89.0625 23.4375 -32.0312
-89.0625 23.4375 -32.0312
81.25 -1.5625 -32.0312
-81.25 -1.5625 -32.0312
85.1562 1.5625 -32.0312
-85.1562 1.5625 -32.0312
82.8125 7.8125 -32.0312
-82.8125 7.8125 -32.0312
76.5625 9.375 -32.0312
-76.5625 9.375 -32.0312
84.375 17.1875 -32.0312
-84.375 17.1875 -32.0312
103.9062 32.8125 -41.4062
-103.9062 32.8125 -41.4062
118.75 34.375 -48.4375
-118.75 34.375 -48.4375
125.7812 24.218799999999998 -49.2188
-125.7812 24.218799999999998 -49.2188
121.0938 8.5938 -48.4375
-121.0938 8.5938 -48.4375
104.6875 0.0 -42.1875
-104.6875 0.0 -42.1875
88.2812 -1.5625 -26.5625
-88.2812 -1.5625 -26.5625
95.3125 28.9062 -34.375
-95.3125 28.9062 -34.375
89.0625 10.9375 -32.8125
-89.0625 10.9375 -32.8125
93.75 6.25 -33.5938
-93.75 6.25 -33.5938
100.0 12.5 -36.7188
-100.0 12.5 -36.7188
96.0938 17.1875 -35.1562
-96.0938 17.1875 -35.1562
101.5625 23.4375 -37.5
-101.5625 23.4375 -37.5
105.4688 18.75 -38.2812
-105.4688 18.75 -38.2812
110.9375 21.093799999999998 -39.0625
-110.9375 21.093799999999998 -39.0625
108.5938 27.3438 -39.0625
-108.5938 27.3438 -39.0625
102.3438 43.75 -48.4375
-102.3438 43.75 -48.4375
125.0 46.875 -54.6875
-125.0 46.875 -54.6875
136.71880000000002 29.6875 -50.0
-136.71880000000002 29.6875 -50.0
131.25 5.4688 -53.125
-131.25 5.4688 -53.125
103.9062 -8.5938 -49.2188
-103.9062 -8.5938 -49.2188
78.9062 -12.5 -32.8125
-78.9062 -12.5 -32.8125
85.9375 38.2812 -38.2812
-85.9375 38.2812 -38.2812
47 1
1 3
3 45
47 45
4 2
2 48
48 46
4 46
45 3
3 5
5 43
45 43
6 4
4 46
46 44
6 44
3 9
9 7
7 5
3 5
8 10
10 4
4 6
8 6
1 11
11 9
9 3
1 3
10 12
12 2
2 4
10 4
11 13
13 15
15 9
11 9
16 14
14 12
12 10
16 10
9 15
15 17
17 7
9 7
18 16
16 10
10 8
18 8
15 21
21 19
19 17
15 17
20 22
22 16
16 18
20 18
13 23
23 21
21 15
13 15
22 24
24 14
14 16
22 16
23 25
25 27
27 21
23 21
28 26
26 24
24 22
28 22
21 27
27 29
29 19
21 19
30 28
28 22
22 20
30 20
27 33
33 31
31 29
27 29
32 34
34 28
28 30
32 30
25 35
35 33
33 27
25 27
34 36
36 26
26 28
34 28
35 37
37 39
39 33
35 33
40 38
38 36
36 34
40 34
33 39
39 41
41 31
33 31
42 40
40 34
34 32
42 32
39 45
45 43
43 41
39 41
44 46
46 40
40 42
44 42
37 47
47 45
45 39
37 39
46 48
48 38
38 40
46 40
47 37
37 51
51 49
47 49
52 38
38 48
48 50
52 50
37 35
35 53
53 51
37 51
54 36
36 38
38 52
54 52
35 25
25 55
55 53
35 53
56 26
26 36
36 54
56 54
25 23
23 57
57 55
25 55
58 24
24 26
26 56
58 56
23 13
13 59
59 57
23 57
60 14
14 24
24 58
60 58
13 11
11 63
63 59
13 59
64 12
12 14
14 60
64 60
11 1
1 65
65 63
11 63
66 2
2 12
12 64
66 64
1 47
47 49
49 65
1 65
50 48
48 2
2 66
50 66
61 65
65 49
61 49
50 66
66 62
50 62
63 65
65 61
63 61
62 66
66 64
62 64
61 59
59 63
61 63
64 60
60 62
64 62
61 57
57 59
61 59
60 58
58 62
60 62
61 55
55 57
61 57
58 56
56 62
58 62
61 53
53 55
61 55
56 54
54 62
56 62
61 51
51 53
61 53
54 52
52 62
54 62
61 49
49 51
61 51
52 50
50 62
52 62
89 174
174 176
176 91
89 91
176 175
175 90
90 91
176 91
87 172
172 174
174 89
87 89
175 173
173 88
88 90
175 90
85 170
170 172
172 87
85 87
173 171
171 86
86 88
173 88
83 168
168 170
170 85
83 85
171 169
169 84
84 86
171 86
81 166
166 168
168 83
81 83
169 167
167 82
82 84
169 84
79 92
92 146
146 164
79 164
147 93
93 80
80 165
147 165
92 94
94 148
148 146
92 146
149 95
95 93
93 147
149 147
94 96
96 150
150 148
94 148
151 97
97 95
95 149
151 149
96 98
98 152
152 150
96 150
153 99
99 97
97 151
153 151
98 100
100 154
154 152
98 152
155 101
101 99
99 153
155 153
100 102
102 156
156 154
100 154
157 103
103 101
101 155
157 155
102 104
104 158
158 156
102 156
159 105
105 103
103 157
159 157
104 106
106 160
160 158
104 158
161 107
107 105
105 159
161 159
106 108
108 162
162 160
106 160
163 109
109 107
107 161
163 161
108 67
67 68
68 162
108 162
68 67
67 109
109 163
68 163
110 128
128 160
160 162
110 162
161 129
129 111
111 163
161 163
128 179
179 158
158 160
128 160
159 180
180 129
129 161
159 161
126 156
156 158
158 179
126 179
159 157
157 127
127 180
159 180
124 154
154 156
156 126
124 126
157 155
155 125
125 127
157 127
122 152
152 154
154 124
122 124
155 153
153 123
123 125
155 125
120 150
150 152
152 122
120 122
153 151
151 121
121 123
153 123
118 148
148 150
150 120
118 120
151 149
149 119
119 121
151 121
116 146
146 148
148 118
116 118
149 147
147 117
117 119
149 119
114 164
164 146
146 116
114 116
147 165
165 115
115 117
147 117
114 181
181 177
177 164
114 164
177 182
182 115
115 165
177 165
110 162
162 68
68 112
110 112
68 163
163 111
111 113
68 113
112 68
68 178
178 183
112 183
178 68
68 113
113 184
178 184
177 181
181 183
183 178
177 178
184 182
182 177
177 178
184 178
135 137
137 176
176 174
135 174
176 137
137 136
136 175
176 175
133 135
135 174
174 172
133 172
175 136
136 134
134 173
175 173
131 133
133 172
172 170
131 170
173 134
134 132
132 171
173 171
166 187
187 185
185 168
166 168
186 188
188 167
167 169
186 169
131 170
170 168
168 185
131 185
169 171
171 132
132 186
169 186
144 190
190 189
189 187
144 187
189 190
190 145
145 188
189 188
185 187
187 189
189 69
185 69
189 188
188 186
186 69
189 69
130 131
131 185
185 69
130 69
186 132
132 130
130 69
186 69
142 193
193 191
191 144
142 144
192 194
194 143
143 145
192 145
140 195
195 193
193 142
140 142
194 196
196 141
141 143
194 143
139 197
197 195
195 140
139 140
196 198
198 139
139 141
196 141
138 71
71 197
197 139
138 139
198 71
71 138
138 139
198 139
190 144
144 191
191 70
190 70
192 145
145 190
190 70
192 70
70 191
191 206
206 208
70 208
207 192
192 70
70 208
207 208
71 199
199 200
200 197
71 197
201 199
199 71
71 198
201 198
197 200
200 202
202 195
197 195
203 201
201 198
198 196
203 196
195 202
202 204
204 193
195 193
205 203
203 196
196 194
205 194
193 204
204 206
206 191
193 191
207 205
205 194
194 192
207 192
199 204
204 202
202 200
199 200
203 205
205 199
199 201
203 201
199 208
208 206
206 204
199 204
207 208
208 199
199 205
207 205
139 140
140 164
164 177
139 177
165 141
141 139
139 177
165 177
140 142
142 211
211 164
140 164
212 143
143 141
141 165
212 165
142 144
144 213
213 211
142 211
214 145
145 143
143 212
214 212
144 187
187 166
166 213
144 213
167 188
188 145
145 214
167 214
81 209
209 213
213 166
81 166
214 210
210 82
82 167
214 167
209 215
215 211
211 213
209 213
212 216
216 210
210 214
212 214
79 164
164 211
211 215
79 215
212 165
165 80
80 216
212 216
131 130
130 72
72 222
131 222
72 130
130 132
132 223
72 223
133 131
131 222
222 220
133 220
223 132
132 134
134 221
223 221
135 133
133 220
220 218
135 218
221 134
134 136
136 219
221 219
137 135
135 218
218 217
137 217
219 136
136 137
137 217
219 217
217 218
218 229
229 231
217 231
230 219
219 217
217 231
230 231
218 220
220 227
227 229
218 229
228 221
221 219
219 230
228 230
220 222
222 225
225 227
220 227
226 223
223 221
221 228
226 228
222 72
72 224
224 225
222 225
224 72
72 223
223 226
224 226
224 231
231 229
229 225
224 225
230 231
231 224
224 226
230 226
225 229
229 227
225 227
228 230
230 226
228 226
183 181
181 234
234 232
183 232
235 182
182 184
184 233
235 233
112 183
183 232
232 254
112 254
233 184
184 113
113 255
233 255
110 112
112 254
254 256
110 256
255 113
113 111
111 257
255 257
181 114
114 252
252 234
181 234
253 115
115 182
182 235
253 235
114 116
116 250
250 252
114 252
251 117
117 115
115 253
251 253
116 118
118 248
248 250
116 250
249 119
119 117
117 251
249 251
118 120
120 246
246 248
118 248
247 121
121 119
119 249
247 249
120 122
122 244
244 246
120 246
245 123
123 121
121 247
245 247
122 124
124 242
242 244
122 244
243 125
125 123
123 245
243 245
124 126
126 240
240 242
124 242
241 127
127 125
125 243
241 243
126 179
179 236
236 240
126 240
237 180
180 127
127 241
237 241
179 128
128 238
238 236
179 236
239 129
129 180
180 237
239 237
128 110
110 256
256 238
128 238
257 111
111 129
129 239
257 239
238 256
256 258
258 276
238 276
259 257
257 239
239 277
259 277
236 238
238 276
276 278
236 278
277 239
239 237
237 279
277 279
240 236
236 278
278 274
240 274
279 237
237 241
241 275
279 275
242 240
240 274
274 272
242 272
275 241
241 243
243 273
275 273
244 242
242 272
272 270
244 270
273 243
243 245
245 271
273 271
246 244
244 270
270 268
246 268
271 245
245 247
247 269
271 269
248 246
246 268
268 266
248 266
269 247
247 249
249 267
269 267
250 248
248 266
266 264
250 264
267 249
249 251
251 265
267 265
252 250
250 264
264 262
252 262
265 251
251 253
253 263
265 263
234 252
252 262
262 280
234 280
263 253
253 235
235 281
263 281
256 254
254 260
260 258
256 258
261 255
255 257
257 259
261 259
254 232
232 282
282 260
254 260
283 233
233 255
255 261
283 261
232 234
234 280
280 282
232 282
281 235
235 233
233 283
281 283
67 108
108 284
284 73
67 73
285 109
109 67
67 73
285 73
108 106
106 286
286 284
108 284
287 107
107 109
109 285
287 285
106 104
104 288
288 286
106 286
289 105
105 107
107 287
289 287
104 102
102 290
290 288
104 288
291 103
103 105
105 289
291 289
102 100
100 292
292 290
102 290
293 101
101 103
103 291
293 291
100 98
98 294
294 292
100 292
295 99
99 101
101 293
295 293
98 96
96 296
296 294
98 294
297 97
97 99
99 295
297 295
96 94
94 298
298 296
96 296
299 95
95 97
97 297
299 297
94 92
92 300
300 298
94 298
301 93
93 95
95 299
301 299
308 309
309 328
328 338
308 338
329 309
309 308
308 339
329 339
307 308
308 338
338 336
307 336
339 308
308 307
307 337
339 337
306 307
307 336
336 340
306 340
337 307
307 306
306 341
337 341
89 91
91 306
306 340
89 340
306 91
91 90
90 341
306 341
87 89
89 340
340 334
87 334
341 90
90 88
88 335
341 335
85 87
87 334
334 330
85 330
335 88
88 86
86 331
335 331
83 85
85 330
330 332
83 332
331 86
86 84
84 333
331 333
330 336
336 338
338 332
330 332
339 337
337 331
331 333
339 333
330 334
334 340
340 336
330 336
341 335
335 331
331 337
341 337
326 332
332 338
338 328
326 328
339 333
333 327
327 329
339 329
81 83
83 332
332 326
81 326
333 84
84 82
82 327
333 327
209 342
342 344
344 215
209 215
345 343
343 210
210 216
345 216
81 326
326 342
342 209
81 209
343 327
327 82
82 210
343 210
79 215
215 344
344 346
79 346
345 216
216 80
80 347
345 347
79 346
346 300
300 92
79 92
301 347
347 80
80 93
301 93
77 324
324 352
352 304
77 304
353 325
325 77
77 304
353 304
304 352
352 350
350 78
304 78
351 353
353 304
304 78
351 78
78 350
350 348
348 305
78 305
349 351
351 78
78 305
349 305
305 348
348 328
328 309
305 309
329 349
349 305
305 309
329 309
326 328
328 348
348 342
326 342
349 329
329 327
327 343
349 343
296 298
298 318
318 310
296 310
319 299
299 297
297 311
319 311
76 316
316 324
324 77
76 77
325 317
317 76
76 77
325 77
302 358
358 356
356 303
302 303
357 359
359 302
302 303
357 303
303 356
356 354
354 75
303 75
355 357
357 303
303 75
355 75
75 354
354 316
316 76
75 76
317 355
355 75
75 76
317 76
292 294
294 362
362 364
292 364
363 295
295 293
293 365
363 365
364 362
362 368
368 366
364 366
369 363
363 365
365 367
369 367
366 368
368 370
370 372
366 372
371 369
369 367
367 373
371 373
372 370
370 376
376 374
372 374
377 371
371 373
373 375
377 375
314 378
378 374
374 376
314 376
375 379
379 315
315 377
375 377
316 354
354 374
374 378
316 378
375 355
355 317
317 379
375 379
354 356
356 372
372 374
354 374
373 357
357 355
355 375
373 375
356 358
358 366
366 372
356 372
367 359
359 357
357 373
367 373
358 360
360 364
364 366
358 366
365 361
361 359
359 367
365 367
290 292
292 364
364 360
290 360
365 293
293 291
291 361
365 361
74 360
360 358
358 302
74 302
359 361
361 74
74 302
359 302
284 286
286 288
288 290
284 290
289 287
287 285
285 291
289 291
284 290
290 360
360 74
284 74
361 291
291 285
285 74
361 74
73 284
284 74
73 74
74 285
285 73
74 73
294 296
296 310
310 362
294 362
311 297
297 295
295 363
311 363
310 312
312 368
368 362
310 362
369 313
313 311
311 363
369 363
312 382
382 370
370 368
312 368
371 383
383 313
313 369
371 369
314 376
376 370
370 382
314 382
371 377
377 315
315 383
371 383
348 350
350 386
386 384
348 384
387 351
351 349
349 385
387 385
318 384
384 386
386 320
318 320
387 385
385 319
319 321
387 321
298 300
300 384
384 318
298 318
385 301
301 299
299 319
385 319
300 344
344 342
342 384
300 384
343 345
345 301
301 385
343 385
342 348
348 384
342 384
385 349
349 343
385 343
300 346
346 344
300 344
345 347
347 301
345 301
314 322
322 380
380 378
314 378
381 323
323 315
315 379
381 379
316 378
378 380
380 324
316 324
381 379
379 317
317 325
381 325
320 386
386 380
380 322
320 322
381 387
387 321
321 323
381 323
350 352
352 380
380 386
350 386
381 353
353 351
351 387
381 387
324 380
380 352
324 352
353 381
381 325
353 325
400 388
388 414
414 402
400 402
415 389
389 401
401 403
415 403
400 402
402 404
404 398
400 398
405 403
403 401
401 399
405 399
398 404
404 406
406 396
398 396
407 405
405 399
399 397
407 397
396 406
406 408
408 394
396 394
409 407
407 397
397 395
409 395
394 408
408 410
410 392
394 392
411 409
409 395
395 393
411 393
392 410
410 412
412 390
392 390
413 411
411 393
393 391
413 391
410 420
420 418
418 412
410 412
419 421
421 411
411 413
419 413
408 422
422 420
420 410
408 410
421 423
423 409
409 411
421 411
406 424
424 422
422 408
406 408
423 425
425 407
407 409
423 409
404 426
426 424
424 406
404 406
425 427
427 405
405 407
425 407
402 428
428 426
426 404
402 404
427 429
429 403
403 405
427 405
402 414
414 416
416 428
402 428
417 415
415 403
403 429
417 429
318 320
320 444
444 442
318 442
445 321
321 319
319 443
445 443
320 390
390 412
412 444
320 444
413 391
391 321
321 445
413 445
310 318
318 442
442 312
310 312
443 319
319 311
311 313
443 313
382 430
430 414
414 388
382 388
415 431
431 383
383 389
415 389
412 418
418 440
440 444
412 444
441 419
419 413
413 445
441 445
438 446
446 444
444 440
438 440
445 447
447 439
439 441
445 441
434 446
446 438
438 436
434 436
439 447
447 435
435 437
439 437
432 448
448 446
446 434
432 434
447 449
449 433
433 435
447 435
430 448
448 432
432 450
430 450
433 449
449 431
431 451
433 451
414 430
430 450
450 416
414 416
451 431
431 415
415 417
451 417
312 448
448 430
430 382
312 382
431 449
449 313
313 383
431 383
312 442
442 446
446 448
312 448
447 443
443 313
313 449
447 449
442 444
444 446
442 446
447 445
445 443
447 443
416 450
450 452
452 476
416 476
453 451
451 417
417 477
453 477
450 432
432 462
462 452
450 452
463 433
433 451
451 453
463 453
432 434
434 460
460 462
432 462
461 435
435 433
433 463
461 463
434 436
436 458
458 460
434 460
459 437
437 435
435 461
459 461
436 438
438 456
456 458
436 458
457 439
439 437
437 459
457 459
438 440
440 454
454 456
438 456
455 441
441 439
439 457
455 457
440 418
418 474
474 454
440 454
475 419
419 441
441 455
475 455
428 416
416 476
476 464
428 464
477 417
417 429
429 465
477 465
426 428
428 464
464 466
426 466
465 429
429 427
427 467
465 467
424 426
426 466
466 468
424 468
467 427
427 425
425 469
467 469
422 424
424 468
468 470
422 470
469 425
425 423
423 471
469 471
420 422
422 470
470 472
420 472
471 423
423 421
421 473
471 473
418 420
420 472
472 474
418 474
473 421
421 419
419 475
473 475
458 456
456 480
480 478
458 478
481 457
457 459
459 479
481 479
478 480
480 482
482 484
478 484
483 481
481 479
479 485
483 485
484 482
482 488
488 486
484 486
489 483
483 485
485 487
489 487
486 488
488 490
490 492
486 492
491 489
489 487
487 493
491 493
464 476
476 486
486 492
464 492
487 477
477 465
465 493
487 493
452 484
484 486
486 476
452 476
487 485
485 453
453 477
487 477
452 462
462 478
478 484
452 484
479 463
463 453
453 485
479 485
458 478
478 462
462 460
458 460
463 479
479 459
459 461
463 461
454 474
474 480
480 456
454 456
481 475
475 455
455 457
481 457
472 482
482 480
480 474
472 474
481 483
483 473
473 475
481 475
470 488
488 482
482 472
470 472
483 489
489 471
471 473
483 473
468 490
490 488
488 470
468 470
489 491
491 469
469 471
489 471
466 492
492 490
490 468
466 468
491 493
493 467
467 469
491 469
464 492
492 466
464 466
467 493
493 465
467 465
392 390
390 504
504 502
392 502
505 391
391 393
393 503
505 503
394 392
392 502
502 500
394 500
503 393
393 395
395 501
503 501
396 394
394 500
500 498
396 498
501 395
395 397
397 499
501 499
398 396
396 498
498 496
398 496
499 397
397 399
399 497
499 497
400 398
398 496
496 494
400 494
497 399
399 401
401 495
497 495
388 400
400 494
494 506
388 506
495 401
401 389
389 507
495 507
494 502
502 504
504 506
494 506
505 503
503 495
495 507
505 507
494 496
496 500
500 502
494 502
501 497
497 495
495 503
501 503
496 498
498 500
496 500
501 499
499 497
501 497
314 382
382 388
388 506
314 506
389 383
383 315
315 507
389 507
314 506
506 504
504 322
314 322
505 507
507 315
315 323
505 323
320 322
322 504
504 390
320 390
505 323
323 321
321 391
505 391
