512
0 0 0
-66.7616385 206.59153799999999 -53.9317995
-66.7616385 -218.3430405 -53.931833999999995
67.3197555 -218.3430405 -52.743627000000004
67.3197555 206.59153799999999 -52.743598500000004
194.96223449999997 -203.42447700000002 -54.9616695
194.96223449999997 175.549713 -54.961653
326.6355285 -177.076824 -57.269308499999994
326.6355285 105.536007 -57.269296499999996
430.0930935 -138.6782565 -60.666177000000005
430.0930935 99.2903595 -60.6661665
533.5506585 -85.2409515 -60.666177000000005
533.5506585 111.2794755 -60.6661665
626.2594305 -59.333233500000006 -60.666172499999995
626.2594305 99.705048 -60.6661665
667.250427 -34.3368765 -54.920871000000005
736.2656714999999 28.371041999999996 -23.312441999999997
-198.43492200000003 163.2835575 -56.146734
-198.43492200000003 -208.57759049999999 -56.146756499999995
-297.8616945 79.360485 -60.5598735
-315.0955125 -179.49411450000002 -60.55988550000001
-343.337631 -0.5346645 -56.5666815
-66.7616385 -5.875757999999999 -214.7286525
67.3197555 -5.8757445 -219.77659649999998
194.96223449999997 -13.937371500000001 -192.631371
326.6355285 -35.770399499999996 -157.718433
430.0930935 -12.7151085 -111.1611675
533.5506585 18.3150105 -111.1611675
626.2594305 20.1859155 -111.1611675
696.8056635 -2.902935 -66.400875
-198.43492200000003 -27.3734385 -189.5557485
-297.8616945 -70.62017399999999 -130.669476
-355.7553405 -111.84940350000001 -60.666177000000005
67.3197555 139.4506995 -153.139458
194.96223449999997 119.898972 -140.518776
326.6355285 73.975605 -125.12079600000001
430.0930935 50.2664625 -85.91367600000001
533.5506585 70.09299150000001 -95.4116415
626.2594305 59.9454855 -95.4116475
714.4913174999999 14.320170000000001 -51.628114499999995
-66.7616385 139.4506995 -150.57941399999999
-198.43492200000003 107.04786299999999 -138.578934
-297.8616945 45.230721 -108.8654475
-361.1550975 -74.49380550000001 -60.666177000000005
-66.7616385 -127.8093915 -166.465554
-198.43492200000003 -119.61642900000001 -153.95518049999998
-297.8616945 -113.0409045 -121.82012550000002
-339.8852685 -149.56533000000002 -60.666177000000005
67.3197555 -127.8093795 -169.6417125
194.96223449999997 -124.38091349999999 -156.8673705
326.6355285 -122.1236115 -142.353882
430.0930935 -75.6966705 -85.9136805
533.5506585 -33.4629645 -104.573982
626.2594305 -19.573656 -104.573982
678.918915 -20.1260385 -72.667374
727.399887 -20.903364 -23.3124405
695.5057979999999 -20.7567135 -60.666177000000005
708.4934235000001 -20.730228 -51.628114499999995
664.129989 84.60539250000001 -41.989305
646.754883 -48.3411885 -57.7935225
657.2518155 8.641491 -88.7810265
661.3610235 49.340613000000005 -73.51988399999999
652.5892185 -19.849846499999998 -88.620684
-433.6035915 -111.84940350000001 -69.953442
-428.933304 -149.56533000000002 -69.953442
-510.27168300000005 -111.84940350000001 -81.13179600000001
-510.24321000000003 -149.56533000000002 -81.13179600000001
-586.1043555 -111.84940350000001 -92.70926850000001
-586.0759275 -149.56533000000002 -92.70926850000001
-661.937073 -111.84940350000001 -99.542724
-661.908645 -149.56533000000002 -99.54273599999999
-737.7697905 -111.84940350000001 -99.542724
-737.741364 -149.56533000000002 -99.54273599999999
-813.602508 -111.84940350000001 -61.3034535
-813.5740350000001 -149.56533000000002 -61.3034535
-66.7616385 -226.24189049999998 -1.05e-05
67.3197555 -226.24189049999998 -1.05e-05
-66.7616385 214.422798 9e-06
67.3197555 214.422798 9e-06
194.96223449999997 -211.3233255 -9e-06
194.96223449999997 183.3809625 7.500000000000001e-06
326.6355285 -184.975674 -7.500000000000001e-06
326.6355285 125.26428150000001 6e-06
430.0930935 -146.57710649999999 -6e-06
430.0930935 119.489823 4.5e-06
533.5506585 -95.35362 -4.5e-06
533.5506585 132.4810185 6e-06
626.2594305 -70.10265000000001 -3e-06
626.2594305 108.46348499999999 4.5e-06
667.265121 -51.483695999999995 -3e-06
744.135315 29.237601 1.5e-06
-198.43492200000003 -216.47644049999997 -9e-06
-198.43492200000003 171.11480699999998 7.500000000000001e-06
-319.2772755 -190.4513625 -9e-06
-297.8616945 88.661082 4.5e-06
-354.40171050000004 -4.0415685 -0.0
-66.7616385 206.59153799999999 53.931822000000004
-66.7616385 -218.3430405 53.93181
67.3197555 -218.3430405 52.7436045
67.3197555 206.59153799999999 52.7436225
194.96223449999997 -203.42447700000002 54.961647
194.96223449999997 175.549713 54.9616635
326.6355285 -177.076824 57.269296499999996
326.6355285 105.536007 57.269308499999994
430.0930935 -138.6782565 60.6661665
430.0930935 99.2903595 60.666177000000005
533.5506585 -85.2409515 60.6661665
533.5506585 111.2794755 60.666177000000005
626.2594305 -59.333233500000006 60.666172499999995
626.2594305 99.705048 60.666177000000005
667.250427 -34.336881 54.920871000000005
736.2656714999999 28.371041999999996 23.312445
-198.43492200000003 163.2835575 56.14674600000001
-198.43492200000003 -208.57759049999999 56.146734
-297.8616945 79.360485 60.55988550000001
-315.0955125 -179.49411450000002 60.5598735
-343.337631 -0.534669 56.5666815
-374.39524800000004 -111.18504000000001 -4.5e-06
-66.7616385 -5.8757775 214.7286525
67.3197555 -5.8757624999999996 219.77659649999998
194.96223449999997 -13.937389500000002 192.631371
326.6355285 -35.7704115 157.718433
430.0930935 -12.715117499999998 111.1611675
533.5506585 18.3150015 111.1611675
626.2594305 20.185907999999998 111.1611675
696.8056635 -2.902941 66.400875
-198.43492200000003 -27.373455 189.5557485
-297.8616945 -70.62018599999999 130.669476
-355.7553405 -111.84940350000001 60.6661665
67.3197555 139.4506755 153.1394805
194.96223449999997 119.89894799999999 140.518776
326.6355285 73.975593 125.12079600000001
430.0930935 50.266450500000005 85.91367600000001
533.5506585 70.0929795 95.4116535
626.2594305 59.945475 95.4116475
714.4913174999999 14.320163999999998 51.628114499999995
-374.39524800000004 -63.954660000000004 -3e-06
-66.7616385 139.4506755 150.57943799999998
-198.43492200000003 107.0478405 138.578934
-297.8616945 45.2307105 108.8654475
-361.1550975 -74.49380550000001 60.6661665
-364.40952300000004 -150.343128 -6e-06
-66.7616385 -127.809414 166.465554
-198.43492200000003 -119.61645149999998 153.95518049999998
-297.8616945 -113.0409045 121.82012550000002
-339.8852685 -149.56533000000002 60.6661665
684.3831945000001 -27.8064705 -1.5e-06
67.3197555 -127.80940199999999 169.6417125
194.96223449999997 -124.380936 156.8673705
326.6355285 -122.12363400000001 142.353882
430.0930935 -75.69668250000001 85.91367
533.5506585 -33.4629765 104.573982
626.2594305 -19.5736635 104.573982
678.918915 -20.1260445 72.667374
729.9921105 -20.99079 -1.5e-06
727.399887 -20.903367 23.3124375
695.5057979999999 -20.756718 60.666177000000005
708.4934235000001 -20.730234000000003 51.628114499999995
666.490539 92.8167225 4.5e-06
646.762299 -62.9348595 -3e-06
664.129989 84.60539250000001 41.989311
646.754883 -48.3411885 57.7935225
657.2518155 8.6414835 88.7810265
661.3610235 49.340607 73.51988399999999
652.5892185 -19.849854 88.620684
741.1550445 4.1234055000000005 0.0
-439.088928 -111.18504000000001 -4.5e-06
-433.6035915 -111.84940350000001 69.95343
-436.15036050000003 -150.343128 -6e-06
-428.933304 -149.56533000000002 69.95343
-510.3051 -111.18504000000001 -4.5e-06
-510.27168300000005 -111.84940350000001 81.13178400000001
-510.2872005 -150.343128 -6e-06
-510.24321000000003 -149.56533000000002 81.13178400000001
-586.1378175 -111.18504000000001 -4.5e-06
-586.1043555 -111.84940350000001 92.7092565
-586.1199195 -150.343128 -6e-06
-586.0759275 -149.56533000000002 92.7092565
-661.970535 -111.18504000000001 -4.5e-06
-661.937073 -111.84940350000001 99.542724
-661.952637 -150.343128 -6e-06
-661.908645 -149.56533000000002 99.54271349999999
-737.8032525 -111.18504000000001 -4.5e-06
-737.7697905 -111.84940350000001 99.542724
-737.7853545 -150.343128 -6e-06
-737.741364 -149.56533000000002 99.54271349999999
-836.4834599999999 -111.18504000000001 -4.5e-06
-813.602508 -111.84940350000001 61.3034415
-836.465607 -150.343128 -6e-06
-813.5740350000001 -149.56533000000002 61.3034415
752.05632 29.237601 1.5e-06
744.1867215 28.371041999999996 -23.312441999999997
749.076096 4.1234055000000005 0.0
744.1867215 28.371041999999996 23.312445
678.226227 29.994037499999997 45.499629
688.765686 38.045374499999994 53.1569025
674.200608 38.0453685 57.8894685
665.1987765 38.0454315 45.499629
674.200608 38.0453685 33.1097895
688.765686 38.045374499999994 37.842358499999996
682.251846 51.073024499999995 57.8894685
667.686768 51.0730185 53.1569025
667.686768 51.0730185 37.842358499999996
682.251846 51.073024499999995 33.1097895
691.2536775 51.072961500000005 45.499629
678.226227 59.12435550000001 45.499629
675.860046 32.169279 52.7821365
684.4210965 32.169285 50.000427
682.0549619999999 36.901746 57.283012500000005
690.616059 36.9017715 45.499629
684.4210965 32.169285 40.998830999999996
670.5688935000001 32.1693195 45.499629
668.202621 36.901765499999996 52.7821605
675.860046 32.169279 38.2171215
668.202621 36.901765499999996 38.217096
682.0549619999999 36.901746 33.716248500000006
692.0785215 44.5591965 50.000445
692.0785215 44.5591965 40.9988115
678.226227 44.5591965 60.064785
686.787414 44.5591965 57.2830815
664.3739325 44.5591965 50.000445
669.6650385 44.5591965 57.2830815
669.6650385 44.5591965 33.7161735
664.3739325 44.5591965 40.9988115
686.787414 44.5591965 33.7161735
678.226227 44.5591965 30.934473
688.2498315 52.2166275 52.7821605
674.3974919999999 52.21665 57.283012500000005
665.836395 52.2166215 45.499629
674.3974919999999 52.21665 33.716248500000006
688.2498315 52.2166275 38.217096
680.5924065 56.949107999999995 52.7821365
685.8835604999999 56.9490735 45.499629
672.0313575 56.949107999999995 50.000427
672.0313575 56.949107999999995 40.998830999999996
680.5924065 56.949107999999995 38.2171215
684.8035125 -67.738254 27.881922000000003
691.4086755000001 -12.3594045 35.9327775
684.8035125 -67.738254 -27.881922000000003
691.4086755000001 -12.3594045 -35.9327775
698.4563595 -70.4572275 27.881922000000003
713.5711215 -16.773051 35.9327775
698.4563595 -70.4572275 -27.881922000000003
713.5711215 -16.773051 -35.9327775
690.945648 -71.259435 -0.0
697.8000645 -17.044539 -0.0
703.113831 -73.682733 -0.0
717.5524290000001 -20.9782215 -0.0
696.5995785 -16.781817 -1.6970144999999999
703.6472625 -74.879643 -1.3167944999999999
689.9944155000001 -72.1606755 -1.3167944999999999
718.761978 -21.195465 -1.6970144999999999
689.9944155000001 -72.1606755 1.5071309999999998
718.761978 -21.195465 1.9423124999999999
696.5995785 -16.781817 1.9423124999999999
703.6472625 -74.879643 1.5071309999999998
-105.5454135 130.9142535 -199.72290750000002
-191.093055 94.93262100000001 -184.6385415
-249.65963700000003 -16.939836 -174.3116805
-299.7153855 -132.8159985 -165.4855035
-130.170594 -138.272175 -195.38083650000002
-19.997749499999998 -78.802071 -214.8072735
15.437233500000001 8.0652615 -221.0554275
-19.997749499999998 94.93262100000001 -214.8072735
-109.96719300000001 104.3925135 -168.1422045
-183.8972505 73.2972735 -155.106342
-238.27750349999997 -34.661124 -145.5176475
-202.55019450000003 -97.41291000000001 -151.81733250000002
-140.74329749999998 -134.991714 -162.715554
-36.037131 -76.84383150000001 -181.1780775
-5.4143145 -1.7732834999999998 -186.5777085
-36.037131 73.2972675 -181.1780775
-109.4269755 -1.7732834999999998 -168.237465
-120.5017665 104.3925135 -227.886726
-194.431824 73.2972735 -214.850853
-248.812065 -34.661124 -205.2621465
-213.08477850000003 -97.41291000000001 -211.56184349999998
-151.2778695 -134.991714 -222.4600755
-46.571703 -76.84383150000001 -240.92260050000002
-15.948875999999998 -1.7732834999999998 -246.3222195
-46.571703 73.2972675 -240.9225765
-119.96154750000001 -1.7732834999999998 -227.9819865
-208.17269850000002 -177.1892745 -181.6269495
-285.1316535 -137.3708265 -137.255985
-247.10913900000003 -155.89083449999998 -143.9603925
-209.88924450000002 -173.847255 -150.5232585
-295.66621349999997 -137.3708265 -197.000496
-257.643723 -155.89083449999998 -203.704902
-220.42380450000002 -173.847255 -210.2677695
-330.9448695 -207.29557800000003 -159.9789045
-240.966294 -207.427071 -175.844559
-309.343185 -207.32036549999998 -132.986847
-279.4201815 -207.36616500000002 -138.2630775
-250.17654450000003 -207.406929 -143.419521
-319.8777465 -207.32036549999998 -192.73134599999997
-289.954743 -207.36616500000002 -198.007599
-260.711106 -207.406929 -203.16403200000002
-330.9448695 -247.612701 -159.9789045
-309.343185 -247.63748999999999 -132.986847
-279.4201815 -247.683288 -138.2630775
-250.17654450000003 -247.72405200000003 -143.419521
-319.8777465 -247.63748999999999 -192.73134599999997
-289.954743 -247.683288 -198.007599
-260.711106 -247.72405200000003 -203.16403200000002
-132.46643849999998 -247.72405200000003 -164.1749835
-143.001 -247.72405200000003 -223.91949449999998
-126.50952600000001 -247.72405200000003 -196.02637499999997
-255.443802 -247.72405200000003 -173.2917825
-284.6874615 -247.683288 -168.1353375
-314.61048900000003 -247.63748999999999 -162.85909650000002
-137.7337185 -247.72405200000003 -194.047257
-145.461639 -224.599938 -161.883579
-155.99621249999998 -224.599938 -221.62809
-139.5047385 -224.599938 -193.73497049999997
253.249191 -7.5365009999999995 192.6752475
233.17788000000002 -60.47493 200.7577515
255.18644700000002 -134.04272400000002 194.2747875
353.536629 -133.516365 159.35073899999998
374.0045925 -59.721233999999995 150.75032099999999
352.82874300000003 -7.0035615 157.314651
302.810211 14.612074500000002 174.68051100000002
266.34567300000003 -22.8218055 207.88311749999997
249.0000915 -68.57106449999999 214.8679965
271.108497 -138.62699849999998 208.2861105
311.3637315 -149.7963645 194.19735749999998
351.9172215 -138.7500345 179.6010705
370.70219399999996 -67.9197285 171.6517185
352.4020845 -22.3612455 177.32459999999998
309.176193 -3.6810660000000004 192.33213
310.07100749999995 -68.00832299999999 193.1775285
254.00278500000002 -23.4504315 173.11464
236.65720349999998 -69.1996875 180.0995175
258.765609 -139.25562299999999 173.51761950000002
299.0208435 -150.42498750000001 159.4288785
339.5743335 -139.3786695 144.832581
358.3593285 -68.54835299999999 136.883217
340.059174 -22.98987 142.5560985
296.8332825 -4.3096905 157.56364050000002
297.7281195 -68.63694749999999 158.409027
264.32151 -175.4731755 192.2517015
344.648163 -175.4575425 161.3192145
278.06563500000004 -175.609245 206.74536899999998
310.95147000000003 -175.940781 194.2886805
344.06581950000003 -175.612908 181.339875
266.51156549999996 -175.627899 171.8021625
299.3974005 -175.959435 159.3454635
332.5117725 -175.631562 146.396667
274.165443 -202.71713999999997 190.07163599999998
335.06993850000003 -202.70150700000002 163.4404335
285.562638 -202.853187 205.0850595
310.507233 -203.18474550000002 194.38705500000003
335.605179 -202.85687249999998 183.2135925
274.8585885 -202.87186499999999 169.953609
299.8032075 -203.2033995 159.2555925
324.90113099999996 -202.87552649999998 148.082142
283.357269 -217.261665 186.08903550000002
326.1408 -217.250679 167.3814465
291.363465 -217.35722400000003 196.63549799999998
308.8862685 -217.59015599999998 189.120495
326.516784 -217.35981 181.271484
283.844193 -217.370361 171.9567495
301.367019 -217.60324799999998 164.4417225
318.99753599999997 -217.37292449999998 156.5927235
-105.5454135 130.9142535 197.96905499999997
-191.0930325 94.93262100000001 182.884701
-249.65963700000003 -16.939836 172.5578385
-299.7153855 -132.8159985 163.731651
-130.170594 -138.272175 193.626984
-19.997749499999998 -78.802071 213.05342100000001
15.4372095 8.0652615 219.30155249999999
-19.997749499999998 94.93262100000001 213.05342100000001
-120.5017665 104.3925135 226.1328735
-194.431824 73.2972735 213.09700049999998
-248.812065 -34.661124 203.50829249999998
-213.08477850000003 -97.41291000000001 209.80799100000002
-151.2778695 -134.991714 220.70622300000002
-46.571697 -76.84383150000001 239.168724
-15.948875999999998 -1.7732834999999998 244.56836700000002
-46.571703 73.2972675 239.1687465
-119.96154750000001 -1.7732834999999998 226.228134
-109.96719300000001 104.3925135 166.388352
-183.8972505 73.2972735 153.3525015
-238.27750349999997 -34.661124 143.7637935
-202.55019450000003 -97.41291000000001 150.0634695
-140.7433095 -134.991714 160.9617
-36.037131 -76.84383150000001 179.424213
-5.4143145 -1.7732834999999998 184.8238455
-36.037131 73.2972675 179.424213
-109.4269755 -1.7732834999999998 166.4836125
-208.17269850000002 -177.1892745 179.8731075
-295.66621349999997 -137.3708265 195.2466435
-257.64369899999997 -155.89083449999998 201.95104949999998
-220.42380450000002 -173.847255 208.5139155
-285.1316535 -137.3708265 135.50214449999999
-247.10913900000003 -155.89083449999998 142.206528
-209.88924450000002 -173.847255 148.769406
-330.9448695 -207.29557800000003 158.225052
-240.966294 -207.427071 174.0907065
-319.8777465 -207.32036549999998 190.977504
-289.954743 -207.36616500000002 196.25372249999998
-260.711106 -207.406929 201.41017949999997
-309.343185 -207.32036549999998 131.23299450000002
-279.4201815 -207.36616500000002 136.5092235
-250.17654450000003 -207.406929 141.6656685
-330.9448695 -247.612701 158.225052
-319.8777465 -247.63748999999999 190.977504
-289.954743 -247.683288 196.25372249999998
-260.711106 -247.72405200000003 201.41017949999997
-309.343185 -247.63748999999999 131.23299450000002
-279.4201815 -247.683288 136.5092235
-250.17654450000003 -247.72405200000003 141.6656685
-143.001 -247.72405200000003 222.16564200000002
-132.46643849999998 -247.72405200000003 162.421131
-126.50952600000001 -247.72405200000003 194.2725225
-255.443802 -247.72405200000003 171.53793000000002
-284.6874615 -247.683288 166.381485
-314.61048900000003 -247.63748999999999 161.1052545
-137.7337185 -247.72405200000003 192.29338049999998
-155.99621249999998 -224.599938 219.87423750000002
-145.461639 -224.599938 160.1297265
-139.5047385 -224.599938 191.98111649999998
254.24910749999998 -7.5365009999999995 -197.517105
233.6782605 -60.47493 -204.22714200000001
254.704971 -134.04272400000002 -195.04653150000001
352.4943015 -133.516365 -158.581638
373.701942 -59.721233999999995 -152.01338249999998
353.260803 -7.0035615 -160.596393
303.7818375 14.612074500000002 -179.444652
254.50616399999998 -22.8218055 -177.448929
236.72886599999998 -68.57106449999999 -183.247719
257.8956525 -138.62699849999998 -174.078747
297.78900150000004 -149.7963645 -158.9958
338.2371135 -138.7500345 -144.10992
357.7369995 -67.9197285 -138.1247175
340.0718085 -22.3612455 -145.5421365
297.3122175 -3.6810660000000004 -161.83076549999998
297.454284 -68.00832299999999 -160.6079745
267.3997185 -23.4504315 -212.016999
249.62242200000003 -69.1996875 -217.815789
270.78920700000003 -139.25562299999999 -208.646805
310.682556 -150.42498750000001 -193.563858
351.130668 -139.3786695 -178.67799000000002
370.630554 -68.54835299999999 -172.6927875
352.96536299999997 -22.98987 -180.1102185
310.20577199999997 -4.3096905 -196.39883400000002
310.34784 -68.63694749999999 -195.17603250000002
263.0032425 -175.4731755 -190.72440749999998
344.420037 -175.4575425 -162.787101
264.2154915 -175.609245 -170.78706
297.414528 -175.940781 -159.190842
331.1049045 -175.612908 -147.82470750000002
277.8256305 -175.627899 -204.9819255
311.02464299999997 -175.959435 -193.385697
344.715042 -175.631562 -182.0195625
271.9454265 -202.71713999999997 -186.066891
335.7192075 -202.70150700000002 -167.3189055
271.025757 -202.853187 -167.23995150000002
297.010986 -203.18474550000002 -159.4010235
323.4192585 -202.85687249999998 -151.827747
285.408051 -202.87186499999999 -201.03263850000002
311.39328 -203.2033995 -193.1937105
337.801575 -202.87552649999998 -185.620434
281.5467675 -217.261665 -183.2093355
326.345856 -217.250679 -170.03946299999998
280.9007265 -217.35722400000003 -169.984005
299.15451 -217.59015599999998 -164.477394
317.70552000000004 -217.35981 -159.1574025
291.003822 -217.370361 -193.7223135
309.257652 -217.60324799999998 -188.2156905
327.8086395 -217.37292449999998 -182.8957095
678.226227 29.994037499999997 -45.499629
688.765686 38.045374499999994 -37.842358499999996
674.200608 38.0453685 -33.1097895
665.1987765 38.0454315 -45.499629
674.200608 38.0453685 -57.8894685
688.765686 38.045374499999994 -53.1569025
682.251846 51.073024499999995 -33.1097895
667.686768 51.0730185 -37.842358499999996
667.686768 51.0730185 -53.1569025
682.251846 51.073024499999995 -57.8894685
691.2536775 51.072961500000005 -45.499629
678.226227 59.12435550000001 -45.499629
675.860046 32.169279 -38.2171215
684.4210965 32.169285 -40.998830999999996
682.0549619999999 36.901746 -33.716248500000006
690.616059 36.9017715 -45.499629
684.4210965 32.169285 -50.000427
670.5688935000001 32.1693195 -45.499629
668.202621 36.901765499999996 -38.217096
675.860046 32.169279 -52.7821365
668.202621 36.901765499999996 -52.7821605
682.0549619999999 36.901746 -57.283012500000005
692.0785215 44.5591965 -40.9988115
692.0785215 44.5591965 -50.000445
678.226227 44.5591965 -30.934473
686.787414 44.5591965 -33.7161735
664.3739325 44.5591965 -40.9988115
669.6650385 44.5591965 -33.7161735
669.6650385 44.5591965 -57.2830815
664.3739325 44.5591965 -50.000445
686.787414 44.5591965 -57.2830815
678.226227 44.5591965 -60.064785
688.2498315 52.2166275 -38.217096
674.3974919999999 52.21665 -33.716248500000006
665.836395 52.2166215 -45.499629
674.3974919999999 52.21665 -57.283012500000005
688.2498315 52.2166275 -52.7821605
680.5924065 56.949107999999995 -38.2171215
685.8835604999999 56.9490735 -45.499629
672.0313575 56.949107999999995 -40.998830999999996
672.0313575 56.949107999999995 -50.000427
680.5924065 56.949107999999995 -52.7821365
2214
40 33
33 4
4 1
40 1
48 3
3 5
5 49
48 49
49 5
5 7
7 50
49 50
50 7
7 9
9 51
50 51
51 9
9 11
11 52
51 52
52 11
11 13
13 53
52 53
62 59
59 15
15 54
62 54
40 1
1 17
17 41
40 41
41 17
17 19
19 42
41 42
42 19
19 21
21 43
42 43
76 79
79 5
5 3
76 3
159 89
89 15
15 59
159 59
86 84
84 10
10 12
86 12
141 93
93 20
20 47
141 47
83 85
85 11
11 9
83 9
94 95
95 21
21 19
94 19
82 80
80 6
6 8
82 8
91 75
75 2
2 18
91 18
75 76
76 3
3 2
75 2
79 81
81 7
7 5
79 5
77 92
92 17
17 1
77 1
88 86
86 12
12 14
88 14
78 77
77 1
1 4
78 4
85 87
87 13
13 11
85 11
84 82
82 8
8 10
84 10
93 91
91 18
18 20
93 20
81 83
83 9
9 7
81 7
92 94
94 19
19 17
92 17
80 78
78 4
4 6
80 6
158 88
88 14
14 58
158 58
136 117
117 32
32 43
136 43
46 31
31 32
32 47
46 47
45 30
30 31
31 46
45 46
44 22
22 30
30 45
44 45
61 60
60 29
29 39
61 39
37 27
27 28
28 38
37 38
36 26
26 27
27 37
36 37
35 25
25 26
26 36
35 36
34 24
24 25
25 35
34 35
33 23
23 24
24 34
33 34
44 48
48 23
23 22
44 22
4 33
33 34
34 6
4 6
6 34
34 35
35 8
6 8
8 35
35 36
36 10
8 10
10 36
36 37
37 12
10 12
12 37
37 38
38 14
12 14
58 61
61 39
39 16
58 16
95 136
136 43
43 21
95 21
31 42
42 43
43 32
31 32
30 41
41 42
42 31
30 31
22 40
40 41
41 30
22 30
22 23
23 33
33 40
22 40
2 3
3 48
48 44
2 44
2 44
44 45
45 18
2 18
18 45
45 46
46 20
18 20
20 46
46 47
20 47
89 146
146 54
54 15
89 15
60 62
62 54
54 29
60 29
27 52
52 53
53 28
27 28
26 51
51 52
52 27
26 27
25 50
50 51
51 26
25 26
24 49
49 50
50 25
24 25
23 48
48 49
49 24
23 24
39 29
29 56
56 57
39 57
16 39
39 57
57 55
16 55
29 54
54 56
29 56
54 146
146 56
54 56
56 146
146 57
56 57
55 57
57 146
55 146
55 146
146 154
55 154
28 53
53 62
62 60
28 60
14 38
38 61
61 58
14 58
38 28
28 60
60 61
38 61
90 158
158 58
58 16
90 16
87 159
159 59
59 13
87 13
53 13
13 59
59 62
53 62
55 165
165 16
55 16
154 165
165 55
154 55
137 96
96 99
99 129
137 129
147 148
148 100
100 98
147 98
148 149
149 102
102 100
148 100
149 150
150 104
104 102
149 102
150 151
151 106
106 104
150 104
151 152
152 108
108 106
151 106
164 153
153 110
110 161
164 161
137 138
138 112
112 96
137 96
138 139
139 114
114 112
138 112
139 140
140 116
116 114
139 114
76 98
98 100
100 79
76 79
159 161
161 110
110 89
159 89
86 107
107 105
105 84
86 84
141 145
145 115
115 93
141 93
83 104
104 106
106 85
83 85
94 114
114 116
116 95
94 95
82 103
103 101
101 80
82 80
91 113
113 97
97 75
91 75
75 97
97 98
98 76
75 76
79 100
100 102
102 81
79 81
77 96
96 112
112 92
77 92
88 109
109 107
107 86
88 86
78 99
99 96
96 77
78 77
85 106
106 108
108 87
85 87
84 105
105 103
103 82
84 82
93 115
115 113
113 91
93 91
81 102
102 104
104 83
81 83
92 112
112 114
114 94
92 94
80 101
101 99
99 78
80 78
158 160
160 109
109 88
158 88
136 140
140 128
128 117
136 117
144 145
145 128
128 127
144 127
143 144
144 127
127 126
143 126
142 143
143 126
126 118
142 118
163 135
135 125
125 162
163 162
133 134
134 124
124 123
133 123
132 133
133 123
123 122
132 122
131 132
132 122
122 121
131 121
130 131
131 121
121 120
130 120
129 130
130 120
120 119
129 119
142 118
118 119
119 147
142 147
99 101
101 130
130 129
99 129
101 103
103 131
131 130
101 130
103 105
105 132
132 131
103 131
105 107
107 133
133 132
105 132
107 109
109 134
134 133
107 133
160 111
111 135
135 163
160 163
95 116
116 140
140 136
95 136
127 128
128 140
140 139
127 139
126 127
127 139
139 138
126 138
118 126
126 138
138 137
118 137
118 137
137 129
129 119
118 119
97 142
142 147
147 98
97 98
97 113
113 143
143 142
97 142
113 115
115 144
144 143
113 143
115 145
145 144
115 144
89 110
110 153
153 146
89 146
162 125
125 153
153 164
162 164
123 124
124 152
152 151
123 151
122 123
123 151
151 150
122 150
121 122
122 150
150 149
121 149
120 121
121 149
149 148
120 148
119 120
120 148
148 147
119 147
135 157
157 156
156 125
135 125
111 155
155 157
157 135
111 135
125 156
156 153
125 153
153 156
156 146
153 146
156 157
157 146
156 146
155 146
146 157
155 157
155 154
154 146
155 146
124 162
162 164
164 152
124 152
109 160
160 163
163 134
109 134
134 163
163 162
162 124
134 124
90 111
111 160
160 158
90 158
87 108
108 161
161 159
87 159
152 164
164 161
161 108
152 108
155 111
111 165
155 165
154 155
155 165
154 165
141 47
47 64
64 168
141 168
47 32
32 63
63 64
47 64
32 117
117 166
166 63
32 63
168 64
64 66
66 172
168 172
64 63
63 65
65 66
64 66
63 166
166 170
170 65
63 65
172 66
66 68
68 176
172 176
66 65
65 67
67 68
66 68
65 170
170 174
174 67
65 67
176 68
68 70
70 180
176 180
68 67
67 69
69 70
68 70
67 174
174 178
178 69
67 69
180 70
70 72
72 184
180 184
70 69
69 71
71 72
70 72
69 178
178 182
182 71
69 71
184 72
72 74
184 74
72 71
71 73
73 74
72 74
182 186
186 73
182 73
73 186
186 188
188 74
73 74
71 182
182 73
71 73
188 184
184 74
188 74
141 168
168 169
169 145
141 145
145 169
169 167
167 128
145 128
128 167
167 166
166 117
128 117
168 172
172 173
173 169
168 169
169 173
173 171
171 167
169 167
167 171
171 170
170 166
167 166
172 176
176 177
177 173
172 173
173 177
177 175
175 171
173 171
171 175
175 174
174 170
171 170
176 180
180 181
181 177
176 177
177 181
181 179
179 175
177 175
175 179
179 178
178 174
175 174
180 184
184 185
185 181
180 181
181 185
185 183
183 179
181 179
179 183
183 182
182 178
179 178
184 189
189 185
184 185
185 189
189 187
187 183
185 183
182 187
187 186
182 186
187 189
189 188
188 186
187 186
183 187
187 182
183 182
188 189
189 184
188 184
16 165
165 192
192 191
16 191
111 90
90 190
190 193
111 193
191 192
192 190
191 190
193 190
190 192
193 192
90 16
16 191
191 190
90 190
165 111
111 193
193 192
165 192
194 207
207 206
194 206
195 207
207 209
195 209
194 206
206 211
194 211
194 211
211 213
194 213
194 213
213 210
194 210
195 209
209 216
195 216
196 208
208 218
196 218
197 212
212 220
197 220
198 214
214 222
198 222
199 215
215 224
199 224
195 216
216 219
195 219
196 218
218 221
196 221
197 220
220 223
197 223
198 222
222 225
198 225
199 224
224 217
199 217
200 226
226 231
200 231
201 227
227 233
201 233
202 228
228 234
202 234
203 229
229 235
203 235
204 230
230 232
204 232
232 235
235 205
232 205
232 230
230 235
232 235
230 203
203 235
230 235
235 234
234 205
235 205
235 229
229 234
235 234
229 202
202 234
229 234
234 233
233 205
234 205
234 228
228 233
234 233
228 201
201 233
228 233
233 231
231 205
233 205
233 227
227 231
233 231
227 200
200 231
227 231
231 232
232 205
231 205
231 226
226 232
231 232
226 204
204 232
226 232
217 230
230 204
217 204
217 224
224 230
217 230
224 203
203 230
224 230
225 229
229 203
225 203
225 222
222 229
225 229
222 202
202 229
222 229
223 228
228 202
223 202
223 220
220 228
223 228
220 201
201 228
220 228
221 227
227 201
221 201
221 218
218 227
221 227
218 200
200 227
218 227
219 226
226 200
219 200
219 216
216 226
219 226
216 204
204 226
216 226
224 225
225 203
224 203
224 215
215 225
224 225
215 198
198 225
215 225
222 223
223 202
222 202
222 214
214 223
222 223
214 197
197 223
214 223
220 221
221 201
220 201
220 212
212 221
220 221
212 196
196 221
212 221
218 219
219 200
218 200
218 208
208 219
218 219
208 195
195 219
208 219
216 217
217 204
216 204
216 209
209 217
216 217
209 199
199 217
209 217
210 215
215 199
210 199
210 213
213 215
210 215
213 198
198 215
213 215
213 214
214 198
213 198
213 211
211 214
213 214
211 197
197 214
211 214
211 212
212 197
211 197
211 206
206 212
211 212
206 196
196 212
206 212
209 210
210 199
209 199
209 207
207 210
209 210
207 194
194 210
207 210
206 208
208 196
206 196
206 207
207 208
206 208
207 195
195 208
207 208
250 248
248 239
239 238
250 238
238 239
239 243
243 242
238 242
255 253
253 241
241 240
255 240
240 241
241 237
237 236
240 236
252 255
255 240
240 236
252 236
253 254
254 237
237 241
253 241
251 248
248 245
245 247
251 247
250 249
249 246
246 244
250 244
249 251
251 247
247 246
249 246
252 254
254 245
245 244
252 244
242 243
243 251
251 249
242 249
238 242
242 249
249 250
238 250
243 239
239 248
248 251
243 251
244 245
245 248
248 250
244 250
236 237
237 254
254 252
236 252
247 245
245 254
254 253
247 253
244 246
246 255
255 252
244 252
246 247
247 253
253 255
246 255
262 263
263 271
271 270
262 270
260 261
261 269
269 268
260 268
277 260
260 282
282 288
277 288
256 257
257 265
265 264
256 264
263 256
256 264
264 271
263 271
261 262
262 270
270 269
261 269
268 267
267 284
284 285
268 285
257 258
258 266
266 265
257 265
270 271
271 272
270 272
271 264
264 272
271 272
264 265
265 272
264 272
265 266
266 272
265 272
266 267
267 272
266 272
267 268
268 272
267 272
268 269
269 272
268 272
269 270
270 272
269 272
263 262
262 279
279 280
263 280
261 260
260 277
277 278
261 278
258 275
275 286
286 259
258 259
257 256
256 273
273 274
257 274
256 263
263 280
280 273
256 273
262 261
261 278
278 279
262 279
276 277
277 288
288 287
276 287
258 257
257 274
274 275
258 275
280 281
281 273
280 273
273 281
281 274
273 274
274 281
281 275
274 275
275 281
281 276
275 276
276 281
281 277
276 277
277 281
281 278
277 278
278 281
281 279
278 279
279 281
281 280
279 280
266 258
258 259
259 283
266 283
260 268
268 285
285 282
260 282
275 276
276 287
287 286
275 286
267 266
266 283
283 284
267 284
259 286
286 294
294 289
259 289
287 288
288 296
296 295
287 295
283 259
259 289
289 291
283 291
288 282
282 290
290 296
288 296
282 285
285 293
293 290
282 290
286 287
287 295
295 294
286 294
284 283
283 291
291 292
284 292
285 284
284 292
292 293
285 293
294 295
295 302
302 301
294 301
293 292
292 299
299 300
293 300
291 289
289 297
297 298
291 298
289 294
294 301
301 297
289 297
295 296
296 303
303 302
295 302
292 291
291 298
298 299
292 299
297 301
301 309
297 309
309 301
301 302
302 308
309 308
308 302
302 303
303 307
308 307
310 305
305 306
310 306
298 309
309 308
308 299
298 299
299 308
308 307
307 300
299 300
304 310
310 306
304 306
298 297
297 309
298 309
307 303
303 305
305 310
307 310
300 307
307 310
310 304
300 304
304 306
306 313
313 311
304 311
306 305
305 312
312 313
306 313
296 312
312 305
305 303
296 303
296 290
290 313
313 312
296 312
290 293
293 311
311 313
290 313
300 304
304 311
311 293
300 293
319 320
320 328
328 327
319 327
317 318
318 326
326 325
317 325
314 315
315 322
322 321
314 321
320 314
314 321
321 328
320 328
318 319
319 327
327 326
318 326
315 316
316 323
323 322
315 322
327 328
328 329
327 329
328 321
321 329
328 329
321 322
322 329
321 329
322 323
323 329
322 329
323 324
324 329
323 329
324 325
325 329
324 329
325 326
326 329
325 329
326 327
327 329
326 329
320 319
319 336
336 337
320 337
318 317
317 334
334 335
318 335
315 314
314 330
330 331
315 331
314 320
320 337
337 330
314 330
319 318
318 335
335 336
319 336
316 315
315 331
331 332
316 332
337 338
338 330
337 330
330 338
338 331
330 331
331 338
338 332
331 332
332 338
338 333
332 333
333 338
338 334
333 334
334 338
338 335
334 335
335 338
338 336
335 336
336 338
338 337
336 337
323 316
316 339
339 341
323 341
317 325
325 343
343 340
317 340
333 334
334 346
346 345
333 345
316 332
332 344
344 339
316 339
324 323
323 341
341 342
324 342
334 317
317 340
340 346
334 346
332 333
333 345
345 344
332 344
325 324
324 342
342 343
325 343
346 340
340 348
348 354
346 354
344 345
345 353
353 352
344 352
340 343
343 351
351 348
340 348
342 341
341 349
349 350
342 350
339 344
344 352
352 347
339 347
345 346
346 354
354 353
345 353
341 339
339 347
347 349
341 349
343 342
342 350
350 351
343 351
353 354
354 362
362 361
353 361
349 347
347 355
355 357
349 357
351 350
350 358
358 359
351 359
354 348
348 356
356 362
354 362
352 353
353 361
361 360
352 360
348 351
351 359
359 356
348 356
350 349
349 357
357 358
350 358
347 352
352 360
360 355
347 355
369 370
370 378
378 377
369 377
367 368
368 376
376 375
367 375
384 367
367 389
389 395
384 395
363 364
364 372
372 371
363 371
370 363
363 371
371 378
370 378
368 369
369 377
377 376
368 376
375 374
374 391
391 392
375 392
364 365
365 373
373 372
364 372
377 378
378 379
377 379
378 371
371 379
378 379
371 372
372 379
371 379
372 373
373 379
372 379
373 374
374 379
373 379
374 375
375 379
374 379
375 376
376 379
375 379
376 377
377 379
376 379
370 369
369 386
386 387
370 387
368 367
367 384
384 385
368 385
365 382
382 393
393 366
365 366
364 363
363 380
380 381
364 381
363 370
370 387
387 380
363 380
369 368
368 385
385 386
369 386
383 384
384 395
395 394
383 394
365 364
364 381
381 382
365 382
387 388
388 380
387 380
380 388
388 381
380 381
381 388
388 382
381 382
382 388
388 383
382 383
383 388
388 384
383 384
384 388
388 385
384 385
385 388
388 386
385 386
386 388
388 387
386 387
373 365
365 366
366 390
373 390
367 375
375 392
392 389
367 389
382 383
383 394
394 393
382 393
374 373
373 390
390 391
374 391
366 393
393 401
401 396
366 396
394 395
395 403
403 402
394 402
390 366
366 396
396 398
390 398
395 389
389 397
397 403
395 403
389 392
392 400
400 397
389 397
393 394
394 402
402 401
393 401
391 390
390 398
398 399
391 399
392 391
391 399
399 400
392 400
401 402
402 409
409 408
401 408
400 399
399 406
406 407
400 407
398 396
396 404
404 405
398 405
396 401
401 408
408 404
396 404
402 403
403 410
410 409
402 409
399 398
398 405
405 406
399 406
404 408
408 416
404 416
416 408
408 409
409 415
416 415
415 409
409 410
410 414
415 414
417 412
412 413
417 413
405 416
416 415
415 406
405 406
406 415
415 414
414 407
406 407
411 417
417 413
411 413
405 404
404 416
405 416
414 410
410 412
412 417
414 417
407 414
414 417
417 411
407 411
411 413
413 420
420 418
411 418
413 412
412 419
419 420
413 420
403 419
419 412
412 410
403 410
403 397
397 420
420 419
403 419
397 400
400 418
418 420
397 420
407 411
411 418
418 400
407 400
426 427
427 435
435 434
426 434
424 425
425 433
433 432
424 432
421 422
422 429
429 428
421 428
427 421
421 428
428 435
427 435
425 426
426 434
434 433
425 433
422 423
423 430
430 429
422 429
434 435
435 436
434 436
435 428
428 436
435 436
428 429
429 436
428 436
429 430
430 436
429 436
430 431
431 436
430 436
431 432
432 436
431 436
432 433
433 436
432 436
433 434
434 436
433 436
427 426
426 443
443 444
427 444
425 424
424 441
441 442
425 442
422 421
421 437
437 438
422 438
421 427
427 444
444 437
421 437
426 425
425 442
442 443
426 443
423 422
422 438
438 439
423 439
444 445
445 437
444 437
437 445
445 438
437 438
438 445
445 439
438 439
439 445
445 440
439 440
440 445
445 441
440 441
441 445
445 442
441 442
442 445
445 443
442 443
443 445
445 444
443 444
430 423
423 446
446 448
430 448
424 432
432 450
450 447
424 447
440 441
441 453
453 452
440 452
423 439
439 451
451 446
423 446
431 430
430 448
448 449
431 449
441 424
424 447
447 453
441 453
439 440
440 452
452 451
439 451
432 431
431 449
449 450
432 450
453 447
447 455
455 461
453 461
451 452
452 460
460 459
451 459
447 450
450 458
458 455
447 455
449 448
448 456
456 457
449 457
446 451
451 459
459 454
446 454
452 453
453 461
461 460
452 460
448 446
446 454
454 456
448 456
450 449
449 457
457 458
450 458
460 461
461 469
469 468
460 468
456 454
454 462
462 464
456 464
458 457
457 465
465 466
458 466
461 455
455 463
463 469
461 469
459 460
460 468
468 467
459 467
455 458
458 466
466 463
455 463
457 456
456 464
464 465
457 465
454 459
459 467
467 462
454 462
470 483
483 482
470 482
471 483
483 485
471 485
470 482
482 487
470 487
470 487
487 489
470 489
470 489
489 486
470 486
471 485
485 492
471 492
472 484
484 494
472 494
473 488
488 496
473 496
474 490
490 498
474 498
475 491
491 500
475 500
471 492
492 495
471 495
472 494
494 497
472 497
473 496
496 499
473 499
474 498
498 501
474 501
475 500
500 493
475 493
476 502
502 507
476 507
477 503
503 509
477 509
478 504
504 510
478 510
479 505
505 511
479 511
480 506
506 508
480 508
508 511
511 481
508 481
508 506
506 511
508 511
506 479
479 511
506 511
511 510
510 481
511 481
511 505
505 510
511 510
505 478
478 510
505 510
510 509
509 481
510 481
510 504
504 509
510 509
504 477
477 509
504 509
509 507
507 481
509 481
509 503
503 507
509 507
503 476
476 507
503 507
507 508
508 481
507 481
507 502
502 508
507 508
502 480
480 508
502 508
493 506
506 480
493 480
493 500
500 506
493 506
500 479
479 506
500 506
501 505
505 479
501 479
501 498
498 505
501 505
498 478
478 505
498 505
499 504
504 478
499 478
499 496
496 504
499 504
496 477
477 504
496 504
497 503
503 477
497 477
497 494
494 503
497 503
494 476
476 503
494 503
495 502
502 476
495 476
495 492
492 502
495 502
492 480
480 502
492 502
500 501
501 479
500 479
500 491
491 501
500 501
491 474
474 501
491 501
498 499
499 478
498 478
498 490
490 499
498 499
490 473
473 499
490 499
496 497
497 477
496 477
496 488
488 497
496 497
488 472
472 497
488 497
494 495
495 476
494 476
494 484
484 495
494 495
484 471
471 495
484 495
492 493
493 480
492 480
492 485
485 493
492 493
485 475
475 493
485 493
486 491
491 475
486 475
486 489
489 491
486 491
489 474
474 491
489 491
489 490
490 474
489 474
489 487
487 490
489 490
487 473
473 490
487 490
487 488
488 473
487 473
487 482
482 488
487 488
482 472
472 488
482 488
485 486
486 475
485 475
485 483
483 486
485 486
483 470
470 486
483 486
482 484
484 472
482 472
482 483
483 484
482 484
483 471
471 484
483 484
